050624 073941.000,4604.9596,N,01312.9243,E,0.54,269.43#CT    0.01  23.203   0.002   0.011   107.95     7.97   8.291 059
050624 073941.000,4604.9596,N,01312.9243,E,0.54,269.43#CT    0.01  23.200   0.002   0.011   107.95     7.97   8.284 060
050624 073942.000,4604.9599,N,01312.9248,E,0.60,24.17#CT    0.01  23.197   0.002   0.011   107.95     7.97   8.282 055
050624 073942.000,4604.9599,N,01312.9248,E,0.60,24.17#CT    0.01  23.195   0.002   0.011   107.95     7.97   8.281 054
050624 073943.000,4604.9599,N,01312.9253,E,0.18,24.17#CT    0.01  23.190   0.002   0.011   107.95     7.97   8.282 048
050624 073944.000,4604.9599,N,01312.9254,E,0.17,24.17#CT    0.01  23.187   0.002   0.011   105.18     8.97   8.282 062
050624 073944.000,4604.9599,N,01312.9254,E,0.17,24.17#CT    0.01  23.184   0.002   0.011   105.18     8.97   8.282 061
050624 073945.000,4604.9599,N,01312.9249,E,0.66,200.15#CT    0.01  23.183   0.002   0.011   105.18     8.97   8.283 059
050624 073945.000,4604.9599,N,01312.9249,E,0.66,200.15#CT    0.01  23.182   0.002   0.011   105.18     8.97   8.283 058
050624 073946.000,4604.9602,N,01312.9248,E,0.38,200.15#CT    0.01  23.181   0.002   0.011   105.18     8.97   8.283 057
050624 073946.000,4604.9602,N,01312.9248,E,0.38,200.15#CT    0.01  23.180   0.002   0.011   105.25     8.98   8.283 057
050624 073947.000,4604.9604,N,01312.9246,E,0.08,200.15#CT    0.01  23.179   0.002   0.011   105.25     8.98   8.283 063
050624 073947.000,4604.9604,N,01312.9246,E,0.08,200.15#CT    0.01  23.179   0.002   0.011   105.25     8.98   8.283 063
050624 073948.000,4604.9606,N,01312.9244,E,0.59,359.87#CT    0.01  23.180   0.002   0.011   105.25     8.98   8.284 062
050624 073948.000,4604.9606,N,01312.9244,E,0.59,359.87#CT    0.01  23.180   0.002   0.011   105.25     8.98   8.284 062
050624 073949.000,4604.9604,N,01312.9246,E,0.10,359.87#CT    0.01  23.180   0.002   0.011   105.18     8.97   8.284 063
050624 073949.000,4604.9604,N,01312.9246,E,0.10,359.87#CT    0.01  23.180   0.002   0.011   105.18     8.97   8.284 063
050624 073950.000,4604.9605,N,01312.9246,E,0.46,359.87#CT    0.01  23.180   0.002   0.011   105.18     8.97   8.284 063
050624 073950.000,4604.9605,N,01312.9246,E,0.46,359.87#CT    0.01  23.181   0.002   0.011   105.18     8.97   8.284 062
050624 073951.000,4604.9603,N,01312.9245,E,0.72,216.94#CT    0.01  23.180   0.002   0.011   105.18     8.97   8.285 062
050624 073951.000,4604.9603,N,01312.9245,E,0.72,216.94#CT    0.01  23.176   0.002   0.011   105.00     8.96   8.285 063
050624 073952.000,4604.9604,N,01312.9244,E,0.36,216.94#CT    0.01  23.171   0.002   0.011   105.00     8.96   8.286 059
050624 073952.000,4604.9604,N,01312.9244,E,0.36,216.94#CT    0.01  23.168   0.002   0.011   105.00     8.96   8.286 051
050624 073953.000,4604.9603,N,01312.9242,E,0.34,216.94#CT    0.01  23.167   0.002   0.011   105.00     8.96   8.287 061
050624 073953.000,4604.9603,N,01312.9242,E,0.34,216.94#CT    0.01  23.166   0.002   0.011   105.00     8.96   8.287 060
050624 073954.000,4604.9604,N,01312.9241,E,0.30,216.94#CT    0.01  23.165   0.002   0.011   105.14     8.97   8.287 059
050624 073954.000,4604.9604,N,01312.9241,E,0.30,216.94#CT    0.01  23.165   0.002   0.011   105.14     8.97   8.287 059
050624 073955.000,4604.9605,N,01312.9238,E,0.56,216.94#CT    0.01  23.165   0.002   0.011   105.14     8.97   8.288 052
050624 073955.000,4604.9605,N,01312.9238,E,0.56,216.94#CT    0.01  23.166   0.002   0.011   105.14     8.97   8.288 055
050624 073956.000,4604.9606,N,01312.9238,E,0.51,216.94#CT    0.01  23.167   0.002   0.011   105.14     8.97   8.288 054
050624 073956.000,4604.9606,N,01312.9238,E,0.51,216.94#CT    0.01  23.167   0.002   0.011   105.16     8.98   8.288 059
050624 073957.000,4604.9608,N,01312.9236,E,0.49,216.94#CT    0.01  23.166   0.002   0.011   105.16     8.98   8.288 058
050624 073957.000,4604.9608,N,01312.9236,E,0.49,216.94#CT    0.01  23.166   0.002   0.011   105.16     8.98   8.288 058
050624 073958.000,4604.9610,N,01312.9239,E,0.42,216.94#CT    0.01  23.166   0.002   0.011   105.16     8.98   8.288 058
050624 073958.000,4604.9610,N,01312.9239,E,0.42,216.94#CT    0.01  23.165   0.002   0.011   105.16     8.98   8.288 057
050624 073959.000,4604.9610,N,01312.9237,E,0.25,216.94#CT    0.01  23.161   0.002   0.011   105.19     8.98   8.289 051
050624 073959.000,4604.9610,N,01312.9237,E,0.25,216.94#CT    0.01  23.159   0.002   0.011   105.19     8.98   8.289 056
050624 074000.000,4604.9610,N,01312.9237,E,0.21,216.94#CT    0.01  23.156   0.002   0.011   105.19     8.98   8.289 055
050624 074000.000,4604.9610,N,01312.9237,E,0.21,216.94#CT    0.01  23.154   0.002   0.011   105.19     8.98   8.288 052
050624 074001.000,4604.9611,N,01312.9238,E,0.17,216.94#CT    0.01  23.152   0.002   0.011   105.19     8.98   8.308 059
050624 074001.000,4604.9611,N,01312.9238,E,0.17,216.94#CT    0.01  23.151   0.002   0.011   105.19     8.98   8.330 051
050624 074002.000,4604.9611,N,01312.9237,E,0.12,216.94#CT    0.01  23.149   0.002   0.011   105.19     8.98   8.352 062
050624 074002.000,4604.9611,N,01312.9237,E,0.12,216.94#CT    0.01  23.147   0.002   0.011   105.19     8.98   8.351 051
050624 074003.000,4604.9611,N,01312.9238,E,0.19,216.94#CT    0.01  23.147   0.002   0.011   105.19     8.98   8.365 052
050624 074003.000,4604.9611,N,01312.9238,E,0.19,216.94#CT    0.01  23.147   0.002   0.011   105.19     8.98   8.366 055
050624 074004.000,4604.9612,N,01312.9238,E,0.64,20.23#CT    0.01  23.147   0.002   0.011   105.29     8.99   8.389 052
050624 074004.000,4604.9612,N,01312.9238,E,0.64,20.23#CT    0.01  23.149   0.002   0.011   105.29     8.99   8.388 059
050624 074005.000,4604.9613,N,01312.9238,E,0.42,20.23#CT    0.01  23.151   0.002   0.011   105.29     8.99   8.382 056
050624 074005.000,4604.9613,N,01312.9238,E,0.42,20.23#CT    0.01  23.153   0.002   0.011   105.29     8.99   8.380 056
050624 074006.000,4604.9614,N,01312.9239,E,0.22,20.23#CT    0.01  23.156   0.002   0.011   105.29     8.99   8.380 061
050624 074006.000,4604.9614,N,01312.9239,E,0.22,20.23#CT    0.01  23.158   0.002   0.011   105.30     8.99   8.379 061
050624 074007.000,4604.9614,N,01312.9239,E,0.32,20.23#CT    0.01  23.160   0.002   0.011   105.30     8.99   8.378 055
050624 074007.000,4604.9614,N,01312.9239,E,0.32,20.23#CT    0.01  23.161   0.002   0.011   105.30     8.99   8.376 056
050624 074008.000,4604.9615,N,01312.9241,E,0.54,20.23#CT    0.01  23.163   0.002   0.011   105.30     8.99   8.373 063
050624 074008.000,4604.9615,N,01312.9241,E,0.54,20.23#CT    0.01  23.164   0.002   0.011   105.30     8.99   8.372 057
050624 074009.000,4604.9617,N,01312.9238,E,0.54,20.23#CT    0.01  23.166   0.002   0.011   105.18     8.98   8.370 050
050624 074009.000,4604.9617,N,01312.9238,E,0.54,20.23#CT    0.01  23.167   0.002   0.011   105.18     8.98   8.369 059
050624 074010.000,4604.9618,N,01312.9239,E,0.38,20.23#CT    0.01  23.165   0.002   0.011   105.18     8.98   8.368 056
050624 074010.000,4604.9618,N,01312.9239,E,0.38,20.23#CT    0.01  23.164   0.002   0.011   105.18     8.98   8.366 055
050624 074011.000,4604.9616,N,01312.9241,E,0.66,150.71#CT    0.01  23.163   0.002   0.011   105.18     8.98   8.365 051
050624 074012.000,4604.9619,N,01312.9240,E,0.42,150.71#CT    0.01  23.165   0.002   0.011   105.19     8.98   8.364 053
050624 074012.000,4604.9619,N,01312.9240,E,0.42,150.71#CT    0.01  23.165   0.002   0.011   105.19     8.98   8.362 051
050624 074013.000,4604.9618,N,01312.9239,E,0.63,229.74#CT    0.01  23.165   0.002   0.011   105.19     8.98   8.361 048
050624 074013.000,4604.9618,N,01312.9239,E,0.63,229.74#CT    0.01  23.165   0.002   0.011   105.19     8.98   8.359 059
050624 074014.000,4604.9617,N,01312.9238,E,0.37,229.74#CT    0.01  23.165   0.002   0.011   105.19     8.98   8.358 058
050624 074014.000,4604.9617,N,01312.9238,E,0.37,229.74#CT    0.01  23.166   0.002   0.011   105.16     8.98   8.357 057
050624 074015.000,4604.9618,N,01312.9236,E,0.40,229.74#CT    0.01  23.165   0.002   0.011   105.16     8.98   8.355 056
050624 074015.000,4604.9618,N,01312.9236,E,0.40,229.74#CT    0.01  23.166   0.002   0.011   105.16     8.98   8.353 061
050624 074016.000,4604.9617,N,01312.9236,E,0.34,229.74#CT    0.01  23.168   0.002   0.011   105.16     8.98   8.352 050
050624 074016.000,4604.9617,N,01312.9236,E,0.34,229.74#CT    0.01  23.168   0.002   0.011   105.16     8.98   8.351 049
050624 074017.000,4604.9616,N,01312.9234,E,0.79,236.48#CT    0.01  23.169   0.002   0.011   105.28     8.99   8.350 061
050624 074017.000,4604.9616,N,01312.9234,E,0.79,236.48#CT    0.01  23.169   0.002   0.011   105.28     8.99   8.349 053
050624 074018.000,4604.9617,N,01312.9233,E,0.41,236.48#CT    0.01  23.170   0.002   0.011   105.28     8.99   8.348 060
050624 074018.000,4604.9617,N,01312.9233,E,0.41,236.48#CT    0.01  23.170   0.002   0.011   105.28     8.99   8.347 051
050624 074019.000,4604.9619,N,01312.9234,E,0.71,348.46#CT    0.01  23.171   0.002   0.011   105.28     8.99   8.345 048
