070225 104833.000,4604.9507,N,01312.9373,E,0.30,355.62#CT    0.11  19.776   0.002   0.010   105.70     7.80   4.600 058
070225 104833.000,4604.9507,N,01312.9373,E,0.30,355.62#CT    0.11  19.777   0.002   0.010   105.70     7.80   4.619 051
070225 104834.000,4604.9507,N,01312.9366,E,0.13,355.62#CT    0.11  19.778   0.002   0.010   105.70     7.80   4.631 054
070225 104834.000,4604.9507,N,01312.9366,E,0.13,355.62#CT    0.11  19.778   0.002   0.010   105.70     7.80   4.635 050
070225 104835.000,4604.9478,N,01312.9346,E,0.73,207.23#CT    0.11  19.777   0.002   0.010   105.70     7.80   4.638 048
070225 104835.000,4604.9478,N,01312.9346,E,0.73,207.23#CT    0.11  19.777   0.002   0.010   105.95     9.66   4.640 050
070225 104836.000,4604.9474,N,01312.9343,E,0.91,200.71#CT    0.11  19.777   0.002   0.010   105.95     9.66   4.642 048
070225 104836.000,4604.9474,N,01312.9343,E,0.91,200.71#CT    0.11  19.777   0.002   0.010   105.95     9.66   4.645 055
070225 104837.000,4604.9470,N,01312.9338,E,1.05,198.56#CT    0.11  19.777   0.002   0.010   105.95     9.66   4.647 053
070225 104837.000,4604.9470,N,01312.9338,E,1.05,198.56#CT    0.11  19.777   0.002   0.010   105.95     9.66   4.649 059
070225 104838.000,4604.9469,N,01312.9332,E,1.02,240.25#CT    0.11  19.778   0.002   0.010   105.90     9.66   4.651 056
070225 104838.000,4604.9469,N,01312.9332,E,1.02,240.25#CT    0.11  19.778   0.002   0.010   105.90     9.66   4.654 061
070225 104839.000,4604.9468,N,01312.9326,E,0.85,244.04#CT    0.11  19.778   0.002   0.010   105.90     9.66   4.656 063
070225 104839.000,4604.9468,N,01312.9326,E,0.85,244.04#CT    0.11  19.777   0.002   0.010   105.90     9.66   4.658 062
070225 104840.000,4604.9472,N,01312.9332,E,0.49,244.04#CT    0.11  19.777   0.002   0.010   105.90     9.66   4.660 053
070225 104840.000,4604.9472,N,01312.9332,E,0.49,244.04#CT    0.11  19.776   0.002   0.010   105.98     9.66   4.662 062
070225 104841.000,4604.9474,N,01312.9335,E,0.53,244.04#CT    0.11  19.776   0.002   0.010   105.98     9.66   4.665 057
070225 104841.000,4604.9474,N,01312.9335,E,0.53,244.04#CT    0.11  19.776   0.002   0.010   105.98     9.66   4.667 059
070225 104842.000,4604.9470,N,01312.9332,E,0.51,244.04#CT    0.11  19.776   0.002   0.010   105.98     9.66   4.669 053
070225 104842.000,4604.9470,N,01312.9332,E,0.51,244.04#CT    0.11  19.776   0.002   0.010   105.98     9.66   4.671 060
070225 104843.000,4604.9464,N,01312.9329,E,1.05,208.93#CT    0.11  19.775   0.002   0.010   105.94     9.66   4.673 049
070225 104843.000,4604.9464,N,01312.9329,E,1.05,208.93#CT    0.11  19.774   0.002   0.010   105.94     9.66   4.675 054
070225 104844.000,4604.9461,N,01312.9324,E,1.12,248.87#CT    0.11  19.775   0.002   0.010   105.94     9.66   4.678 058
070225 104844.000,4604.9461,N,01312.9324,E,1.12,248.87#CT    0.11  19.774   0.002   0.010   105.94     9.66   4.680 060
070225 104845.000,4604.9461,N,01312.9319,E,1.17,253.80#CT    0.11  19.776   0.002   0.010   105.94     9.66   4.682 060
070225 104845.000,4604.9461,N,01312.9319,E,1.17,253.80#CT    0.11  19.777   0.002   0.010   105.89     9.65   4.684 052
070225 104846.000,4604.9470,N,01312.9314,E,0.92,286.80#CT    0.11  19.776   0.002   0.010   105.89     9.65   4.686 055
070225 104846.000,4604.9470,N,01312.9314,E,0.92,286.80#CT    0.11  19.776   0.002   0.010   105.89     9.65   4.688 057
070225 104847.000,4604.9470,N,01312.9312,E,1.41,274.53#CT    0.11  19.776   0.002   0.010   105.89     9.65   4.690 048
070225 104847.000,4604.9470,N,01312.9312,E,1.41,274.53#CT    0.11  19.776   0.002   0.010   105.89     9.65   4.692 050
070225 104848.000,4604.9469,N,01312.9309,E,0.81,235.71#CT    0.11  19.777   0.002   0.010   105.83     9.65   4.694 063
070225 104848.000,4604.9469,N,01312.9309,E,0.81,235.71#CT    0.11  19.777   0.002   0.010   105.83     9.65   4.696 061
070225 104849.000,4604.9465,N,01312.9308,E,0.98,204.49#CT    0.11  19.777   0.002   0.010   105.83     9.65   4.698 051
070225 104849.000,4604.9465,N,01312.9308,E,0.98,204.49#CT    0.11  19.777   0.002   0.010   105.83     9.65   4.700 051
070225 104850.000,4604.9460,N,01312.9308,E,1.26,216.43#CT    0.11  19.777   0.002   0.010   105.83     9.65   4.702 049
070225 104850.000,4604.9460,N,01312.9308,E,1.26,216.43#CT    0.11  19.777   0.002   0.010   105.96     9.66   4.704 048
070225 104851.000,4604.9456,N,01312.9305,E,1.22,211.66#CT    0.11  19.777   0.002   0.010   105.96     9.66   4.706 050
070225 104851.000,4604.9456,N,01312.9305,E,1.22,211.66#CT    0.11  19.777   0.002   0.010   105.96     9.66   4.708 060
070225 104852.000,4604.9456,N,01312.9308,E,0.73,206.97#CT    0.11  19.778   0.002   0.010   105.96     9.66   4.710 058
070225 104852.000,4604.9456,N,01312.9308,E,0.73,206.97#CT    0.11  19.778   0.002   0.010   105.96     9.66   4.711 059
070225 104853.000,4604.9457,N,01312.9310,E,0.17,206.97#CT    0.11  19.778   0.002   0.010   106.01     9.67   4.713 053
070225 104853.000,4604.9457,N,01312.9310,E,0.17,206.97#CT    0.11  19.777   0.002   0.010   106.01     9.67   4.715 060
070225 104854.000,4604.9458,N,01312.9315,E,0.17,206.97#CT    0.11  19.778   0.002   0.010   106.01     9.67   4.717 049
070225 104854.000,4604.9458,N,01312.9315,E,0.17,206.97#CT    0.11  19.779   0.002   0.010   106.01     9.67   4.719 062
070225 104855.000,4604.9459,N,01312.9321,E,0.24,206.97#CT    0.11  19.779   0.002   0.010   106.01     9.67   4.721 053
070225 104855.000,4604.9459,N,01312.9321,E,0.24,206.97#CT    0.11  19.779   0.002   0.010   105.82     9.65   4.722 060
070225 104856.000,4604.9461,N,01312.9328,E,0.80,127.49#CT    0.11  19.780   0.002   0.010   105.82     9.65   4.724 060
070225 104856.000,4604.9461,N,01312.9328,E,0.80,127.49#CT    0.11  19.780   0.002   0.010   105.82     9.65   4.726 062
070225 104857.000,4604.9461,N,01312.9336,E,0.49,127.49#CT    0.11  19.780   0.002   0.010   105.82     9.65   4.728 048
070225 104857.000,4604.9461,N,01312.9336,E,0.49,127.49#CT    0.11  19.779   0.002   0.010   105.82     9.65   4.729 055
070225 104858.000,4604.9465,N,01312.9343,E,0.36,127.49#CT    0.11  19.779   0.002   0.010   106.07     9.67   4.731 050
070225 104858.000,4604.9465,N,01312.9343,E,0.36,127.49#CT    0.11  19.780   0.002   0.010   106.07     9.67   4.733 054
070225 104859.000,4604.9468,N,01312.9352,E,0.61,135.00#CT    0.11  19.779   0.002   0.010   106.07     9.67   4.734 055
070225 104859.000,4604.9468,N,01312.9352,E,0.61,135.00#CT    0.11  19.780   0.002   0.010   106.07     9.67   4.736 051
070225 104900.000,4604.9468,N,01312.9357,E,0.28,135.00#CT    0.11  19.781   0.002   0.010   106.07     9.67   4.737 051
070225 104901.000,4604.9467,N,01312.9356,E,1.18,237.27#CT    0.11  19.780   0.002   0.010   105.91     9.66   4.739 049
070225 104901.000,4604.9467,N,01312.9356,E,1.18,237.27#CT    0.11  19.780   0.002   0.010   105.91     9.66   4.741 062
070225 104901.000,4604.9467,N,01312.9356,E,1.18,237.27#CT    0.11  19.781   0.002   0.010   105.91     9.66   4.742 060
070225 104902.000,4604.9472,N,01312.9362,E,0.45,237.27#CT    0.11  19.781   0.002   0.010   105.91     9.66   4.744 058
070225 104902.000,4604.9472,N,01312.9362,E,0.45,237.27#CT    0.11  19.782   0.002   0.010   105.91     9.66   4.745 056
070225 104903.000,4604.9472,N,01312.9363,E,1.15,208.96#CT    0.11  19.781   0.002   0.010   105.89     9.65   4.747 051
070225 104904.000,4604.9474,N,01312.9366,E,1.02,206.73#CT    0.11  19.781   0.002   0.010   105.89     9.65   4.748 060
070225 104904.000,4604.9474,N,01312.9366,E,1.02,206.73#CT    0.11  19.781   0.002   0.010   105.89     9.65   4.750 053
070225 104905.000,4604.9479,N,01312.9369,E,0.68,201.13#CT    0.11  19.782   0.002   0.010   105.89     9.65   4.751 055
070225 104905.000,4604.9479,N,01312.9369,E,0.68,201.13#CT    0.11  19.782   0.002   0.010   105.89     9.65   4.753 053
070225 104906.000,4604.9484,N,01312.9368,E,0.72,263.45#CT    0.11  19.783   0.002   0.010   105.92     9.66   4.754 058
070225 104906.000,4604.9484,N,01312.9368,E,0.72,263.45#CT    0.11  19.782   0.002   0.010   105.92     9.66   4.756 057
070225 104907.000,4604.9489,N,01312.9372,E,0.57,263.45#CT    0.11  19.782   0.002   0.010   105.92     9.66   4.757 056
070225 104907.000,4604.9489,N,01312.9372,E,0.57,263.45#CT    0.11  19.782   0.002   0.010   105.92     9.66   4.759 054
070225 104908.000,4604.9498,N,01312.9382,E,1.18,352.69#CT    0.11  19.782   0.002   0.010   105.92     9.66   4.760 060
070225 104908.000,4604.9498,N,01312.9382,E,1.18,352.69#CT    0.11  19.782   0.002   0.010   105.96     9.66   4.761 057
070225 104909.000,4604.9505,N,01312.9394,E,1.41,54.05#CT    0.11  19.782   0.002   0.010   105.96     9.66   4.763 059
070225 104909.000,4604.9505,N,01312.9394,E,1.41,54.05#CT    0.11  19.782   0.002   0.010   105.96     9.66   4.764 060
070225 104910.000,4604.9510,N,01312.9396,E,1.02,106.11#CT    0.11  19.784   0.002   0.010   105.96     9.66   4.766 056
070225 104910.000,4604.9510,N,01312.9396,E,1.02,106.11#CT    0.11  19.784   0.002   0.010   105.96     9.66   4.767 057
070225 104911.000,4604.9512,N,01312.9399,E,1.33,143.12#CT    0.11  19.784   0.002   0.010   105.99     9.66   4.768 057
070225 104911.000,4604.9512,N,01312.9399,E,1.33,143.12#CT    0.11  19.784   0.002   0.010   105.99     9.66   4.770 048
070225 104912.000,4604.9510,N,01312.9401,E,1.27,171.80#CT    0.11  19.784   0.002   0.010   105.99     9.66   4.771 049
070225 104912.000,4604.9510,N,01312.9401,E,1.27,171.80#CT    0.11  19.783   0.002   0.010   105.99     9.66   4.772 053
070225 104913.000,4604.9510,N,01312.9404,E,0.48,171.80#CT    0.11  19.784   0.002   0.010   105.99     9.66   4.774 052
070225 104913.000,4604.9510,N,01312.9404,E,0.48,171.80#CT    0.11  19.785   0.002   0.010   106.06     9.67   4.775 048
070225 104914.000,4604.9510,N,01312.9409,E,0.49,171.80#CT    0.11  19.785   0.002   0.010   106.06     9.67   4.776 051
070225 104914.000,4604.9510,N,01312.9409,E,0.49,171.80#CT    0.11  19.785   0.002   0.010   106.06     9.67   4.778 061
070225 104915.000,4604.9514,N,01312.9413,E,0.46,171.80#CT    0.11  19.784   0.002   0.010   106.06     9.67   4.779 061
070225 104915.000,4604.9514,N,01312.9413,E,0.46,171.80#CT    0.11  19.784   0.002   0.010   106.06     9.67   4.780 059
070225 104916.000,4604.9515,N,01312.9413,E,0.30,171.80#CT    0.11  19.785   0.002   0.010   105.97     9.66   4.781 049
070225 104916.000,4604.9515,N,01312.9413,E,0.30,171.80#CT    0.11  19.785   0.002   0.010   105.97     9.66   4.783 051
070225 104917.000,4604.9517,N,01312.9415,E,1.39,166.62#CT    0.11  19.785   0.002   0.010   105.97     9.66   4.784 052
070225 104917.000,4604.9517,N,01312.9415,E,1.39,166.62#CT    0.11  19.784   0.002   0.010   105.97     9.66   4.785 052
070225 104918.000,4604.9521,N,01312.9418,E,1.29,143.23#CT    0.11  19.784   0.002   0.010   105.97     9.66   4.786 055
070225 104918.000,4604.9521,N,01312.9418,E,1.29,143.23#CT    0.11  19.784   0.002   0.010   105.96     9.66   4.788 056
070225 104919.000,4604.9523,N,01312.9421,E,1.18,149.61#CT    0.11  19.784   0.002   0.010   105.96     9.66   4.789 057
070225 104919.000,4604.9523,N,01312.9421,E,1.18,149.61#CT    0.11  19.784   0.002   0.010   105.96     9.66   4.790 049
070225 104920.000,4604.9522,N,01312.9423,E,0.88,171.32#CT    0.11  19.784   0.002   0.010   105.96     9.66   4.791 048
070225 104920.000,4604.9522,N,01312.9423,E,0.88,171.32#CT    0.11  19.785   0.002   0.010   105.96     9.66   4.792 050
070225 104921.000,4604.9524,N,01312.9425,E,0.22,171.32#CT    0.11  19.784   0.002   0.010   105.89     9.65   4.794 056
070225 104921.000,4604.9524,N,01312.9425,E,0.22,171.32#CT    0.11  19.784   0.002   0.010   105.89     9.65   4.795 057
070225 104922.000,4604.9528,N,01312.9429,E,0.78,5.42#CT    0.11  19.784   0.002   0.010   105.89     9.65   4.796 058
070225 104922.000,4604.9528,N,01312.9429,E,0.78,5.42#CT    0.11  19.784   0.002   0.010   105.89     9.65   4.797 059
070225 104923.000,4604.9532,N,01312.9431,E,1.24,18.56#CT    0.11  19.784   0.002   0.010   105.89     9.65   4.798 052
070225 104923.000,4604.9532,N,01312.9431,E,1.24,18.56#CT    0.11  19.785   0.002   0.010   105.94     9.66   4.799 059
070225 104924.000,4604.9534,N,01312.9432,E,0.73,55.43#CT    0.11  19.786   0.002   0.010   105.94     9.66   4.800 055
070225 104924.000,4604.9534,N,01312.9432,E,0.73,55.43#CT    0.11  19.785   0.002   0.010   105.94     9.66   4.802 054
070225 104925.000,4604.9537,N,01312.9429,E,0.39,55.43#CT    0.11  19.786   0.002   0.010   105.94     9.66   4.803 052
070225 104925.000,4604.9537,N,01312.9429,E,0.39,55.43#CT    0.11  19.784   0.002   0.010   105.94     9.66   4.804 049
070225 104926.000,4604.9541,N,01312.9431,E,0.69,51.68#CT    0.11  19.785   0.002   0.010   105.94     9.66   4.805 049
070225 104926.000,4604.9541,N,01312.9431,E,0.69,51.68#CT    0.11  19.786   0.002   0.010   105.94     9.66   4.806 049
070225 104927.000,4604.9545,N,01312.9429,E,0.83,24.24#CT    0.11  19.785   0.002   0.010   105.94     9.66   4.807 051
070225 104927.000,4604.9545,N,01312.9429,E,0.83,24.24#CT    0.11  19.786   0.002   0.010   105.94     9.66   4.808 063
070225 104928.000,4604.9548,N,01312.9430,E,0.93,80.90#CT    0.11  19.786   0.002   0.010   105.94     9.66   4.809 062
070225 104928.000,4604.9548,N,01312.9430,E,0.93,80.90#CT    0.11  19.786   0.002   0.010   105.96     9.66   4.810 052
070225 104929.000,4604.9550,N,01312.9432,E,0.75,44.34#CT    0.11  19.786   0.002   0.010   105.96     9.66   4.811 053
070225 104929.000,4604.9550,N,01312.9432,E,0.75,44.34#CT    0.11  19.786   0.002   0.010   105.96     9.66   4.812 054
070225 104930.000,4604.9553,N,01312.9439,E,1.31,42.68#CT    0.11  19.786   0.002   0.010   105.96     9.66   4.813 055
070225 104930.000,4604.9553,N,01312.9439,E,1.31,42.68#CT    0.11  19.786   0.002   0.010   105.96     9.66   4.814 048
070225 104931.000,4604.9560,N,01312.9441,E,1.27,20.79#CT    0.11  19.786   0.002   0.010   105.99     9.66   4.815 062
070225 104931.000,4604.9560,N,01312.9441,E,1.27,20.79#CT    0.11  19.786   0.002   0.010   105.99     9.66   4.816 061
070225 104932.000,4604.9565,N,01312.9443,E,1.29,13.66#CT    0.11  19.786   0.002   0.010   105.99     9.66   4.817 060
070225 104932.000,4604.9565,N,01312.9443,E,1.29,13.66#CT    0.11  19.788   0.002   0.010   105.99     9.66   4.818 061
070225 104933.000,4604.9568,N,01312.9444,E,0.77,1.94#CT    0.11  19.788   0.002   0.010   105.99     9.66   4.819 060
070225 104934.000,4604.9572,N,01312.9447,E,0.47,1.94#CT    0.11  19.787   0.002   0.010   106.02     9.66   4.820 056
070225 104934.000,4604.9572,N,01312.9447,E,0.47,1.94#CT    0.11  19.787   0.002   0.010   106.02     9.66   4.821 057
070225 104934.000,4604.9572,N,01312.9447,E,0.47,1.94#CT    0.11  19.787   0.002   0.010   106.02     9.66   4.822 058
070225 104935.000,4604.9574,N,01312.9449,E,0.64,100.22#CT    0.11  19.788   0.002   0.010   106.02     9.66   4.823 052
070225 104935.000,4604.9574,N,01312.9449,E,0.64,100.22#CT    0.11  19.788   0.002   0.010   106.02     9.66   4.824 051
070225 104936.000,4604.9575,N,01312.9450,E,0.47,100.22#CT    0.11  19.788   0.002   0.010   105.99     9.66   4.825 051
070225 104937.000,4604.9579,N,01312.9448,E,0.68,2.96#CT    0.11  19.788   0.002   0.010   105.99     9.66   4.826 048
070225 104937.000,4604.9579,N,01312.9448,E,0.68,2.96#CT    0.11  19.788   0.002   0.010   105.99     9.66   4.827 049
070225 104938.000,4604.9583,N,01312.9445,E,0.96,347.03#CT    0.11  19.788   0.002   0.010   105.99     9.66   4.828 062
070225 104938.000,4604.9583,N,01312.9445,E,0.96,347.03#CT    0.11  19.788   0.002   0.010   105.99     9.66   4.829 063
070225 104939.000,4604.9586,N,01312.9439,E,0.45,347.03#CT    0.11  19.787   0.002   0.010   105.85     9.65   4.830 054
070225 104939.000,4604.9586,N,01312.9439,E,0.45,347.03#CT    0.11  19.788   0.002   0.010   105.85     9.65   4.830 057
070225 104940.000,4604.9585,N,01312.9435,E,0.85,172.73#CT    0.11  19.789   0.002   0.010   105.85     9.65   4.831 057
070225 104940.000,4604.9585,N,01312.9435,E,0.85,172.73#CT    0.11  19.789   0.002   0.010   105.85     9.65   4.832 058
070225 104941.000,4604.9582,N,01312.9433,E,0.81,188.06#CT    0.11  19.788   0.002   0.010   105.85     9.65   4.833 058
070225 104941.000,4604.9582,N,01312.9433,E,0.81,188.06#CT    0.11  19.788   0.002   0.010   105.92     9.65   4.834 059
070225 104942.000,4604.9583,N,01312.9430,E,0.46,188.06#CT    0.11  19.788   0.002   0.010   105.92     9.65   4.835 058
070225 104942.000,4604.9583,N,01312.9430,E,0.46,188.06#CT    0.11  19.788   0.002   0.010   105.92     9.65   4.835 058
070225 104943.000,4604.9580,N,01312.9430,E,0.50,188.06#CT    0.11  19.788   0.002   0.010   105.92     9.65   4.836 057
070225 104943.000,4604.9580,N,01312.9430,E,0.50,188.06#CT    0.11  19.788   0.002   0.010   105.92     9.65   4.837 056
070225 104944.000,4604.9584,N,01312.9426,E,0.09,188.06#CT    0.11  19.787   0.002   0.010   105.91     9.65   4.838 059
070225 104944.000,4604.9584,N,01312.9426,E,0.09,188.06#CT    0.11  19.788   0.002   0.010   105.91     9.65   4.839 053
070225 104945.000,4604.9581,N,01312.9420,E,0.69,223.10#CT    0.11  19.788   0.002   0.010   105.91     9.65   4.839 053
070225 104945.000,4604.9581,N,01312.9420,E,0.69,223.10#CT    0.11  19.788   0.002   0.010   105.91     9.65   4.840 059
070225 104946.000,4604.9581,N,01312.9422,E,0.29,223.10#CT    0.11  19.788   0.002   0.010   105.91     9.65   4.841 058
070225 104946.000,4604.9581,N,01312.9422,E,0.29,223.10#CT    0.11  19.788   0.002   0.010   106.00     9.66   4.842 049
070225 104947.000,4604.9585,N,01312.9423,E,0.66,113.66#CT    0.11  19.788   0.002   0.010   106.00     9.66   4.843 048
070225 104947.000,4604.9585,N,01312.9423,E,0.66,113.66#CT    0.11  19.788   0.002   0.010   106.00     9.66   4.843 048
070225 104948.000,4604.9586,N,01312.9422,E,0.62,113.34#CT    0.11  19.788   0.002   0.010   106.00     9.66   4.844 055
070225 104948.000,4604.9586,N,01312.9422,E,0.62,113.34#CT    0.11  19.788   0.002   0.010   106.00     9.66   4.845 054
070225 104949.000,4604.9585,N,01312.9420,E,0.41,113.34#CT    0.11  19.788   0.002   0.010   106.07     9.67   4.846 051
070225 104949.000,4604.9585,N,01312.9420,E,0.41,113.34#CT    0.11  19.788   0.002   0.010   106.07     9.67   4.846 051
070225 104950.000,4604.9587,N,01312.9421,E,0.73,346.03#CT    0.11  19.788   0.002   0.010   106.07     9.67   4.847 050
070225 104950.000,4604.9587,N,01312.9421,E,0.73,346.03#CT    0.11  19.788   0.002   0.010   106.07     9.67   4.848 061
070225 104951.000,4604.9588,N,01312.9423,E,1.00,347.73#CT    0.11  19.789   0.002   0.010   106.07     9.67   4.849 061
070225 104951.000,4604.9588,N,01312.9423,E,1.00,347.73#CT    0.11  19.789   0.002   0.010   105.82     9.65   4.849 049
070225 104952.000,4604.9586,N,01312.9420,E,0.56,347.73#CT    0.11  19.789   0.002   0.010   105.82     9.65   4.850 057
070225 104952.000,4604.9586,N,01312.9420,E,0.56,347.73#CT    0.11  19.788   0.002   0.010   105.82     9.65   4.851 057
070225 104953.000,4604.9587,N,01312.9419,E,0.27,347.73#CT    0.11  19.789   0.002   0.010   105.82     9.65   4.852 059
070225 104953.000,4604.9587,N,01312.9419,E,0.27,347.73#CT    0.11  19.788   0.002   0.010   105.82     9.65   4.852 058
070225 104954.000,4604.9586,N,01312.9419,E,0.26,347.73#CT    0.11  19.789   0.002   0.010   105.93     9.66   4.853 057
070225 104954.000,4604.9586,N,01312.9419,E,0.26,347.73#CT    0.11  19.789   0.002   0.010   105.93     9.66   4.854 062
070225 104955.000,4604.9581,N,01312.9396,E,1.38,347.73#CT    0.11  19.790   0.002   0.010   105.93     9.66   4.854 054
070225 104955.000,4604.9581,N,01312.9396,E,1.38,347.73#CT    0.11  19.791   0.002   0.010   105.93     9.66   4.855 054
070225 104956.000,4604.9572,N,01312.9378,E,1.04,347.73#CT    0.11  19.790   0.002   0.010   105.93     9.66   4.856 052
070225 104957.000,4604.9565,N,01312.9362,E,0.64,347.73#CT    0.11  19.790   0.002   0.010   106.04     9.67   4.857 057
070225 104957.000,4604.9565,N,01312.9362,E,0.64,347.73#CT    0.11  19.790   0.002   0.010   106.04     9.67   4.857 057
070225 104957.000,4604.9565,N,01312.9362,E,0.64,347.73#CT    0.11  19.789   0.002   0.010   106.04     9.67   4.858 062
070225 104958.000,4604.9555,N,01312.9344,E,1.27,243.72#CT    0.11  19.789   0.002   0.010   106.04     9.67   4.859 063
070225 104959.000,4604.9552,N,01312.9336,E,0.74,268.31#CT    0.11  19.790   0.002   0.010   106.04     9.67   4.859 055
070225 104959.000,4604.9552,N,01312.9336,E,0.74,268.31#CT    0.11  19.791   0.002   0.010   105.80     9.64   4.860 048
070225 105000.000,4604.9550,N,01312.9327,E,1.21,293.93#CT    0.11  19.790   0.002   0.010   105.80     9.64   4.860 049
070225 105000.000,4604.9550,N,01312.9327,E,1.21,293.93#CT    0.11  19.790   0.002   0.010   105.80     9.64   4.861 048
070225 105001.000,4604.9548,N,01312.9321,E,0.34,293.93#CT    0.11  19.789   0.002   0.010   105.80     9.64   4.862 059
070225 105001.000,4604.9548,N,01312.9321,E,0.34,293.93#CT    0.11  19.790   0.002   0.010   105.80     9.64   4.862 051
070225 105002.000,4604.9541,N,01312.9316,E,0.33,293.93#CT    0.11  19.791   0.002   0.010   106.06     9.67   4.863 061
070225 105002.000,4604.9541,N,01312.9316,E,0.33,293.93#CT    0.11  19.791   0.002   0.010   106.06     9.67   4.864 058
070225 105003.000,4604.9532,N,01312.9310,E,0.80,155.05#CT    0.11  19.791   0.002   0.010   106.06     9.67   4.864 058
070225 105003.000,4604.9532,N,01312.9310,E,0.80,155.05#CT    0.11  19.791   0.002   0.010   106.06     9.67   4.865 059
070225 105004.000,4604.9528,N,01312.9303,E,0.83,139.71#CT    0.11  19.790   0.002   0.010   106.06     9.67   4.865 058
070225 105004.000,4604.9528,N,01312.9303,E,0.83,139.71#CT    0.11  19.789   0.002   0.010   105.93     9.66   4.866 063
070225 105005.000,4604.9520,N,01312.9292,E,1.70,170.11#CT    0.11  19.788   0.002   0.010   105.93     9.66   4.867 063
070225 105005.000,4604.9520,N,01312.9292,E,1.70,170.11#CT    0.11  19.789   0.002   0.010   105.93     9.66   4.867 062
070225 105006.000,4604.9515,N,01312.9285,E,1.25,168.31#CT    0.11  19.788   0.002   0.010   105.93     9.66   4.868 048
070225 105006.000,4604.9515,N,01312.9285,E,1.25,168.31#CT    0.11  19.787   0.002   0.010   105.93     9.66   4.868 063
070225 105007.000,4604.9508,N,01312.9280,E,1.26,168.31#CT    0.11  19.787   0.002   0.010   105.89     9.65   4.869 054
070225 105007.000,4604.9508,N,01312.9280,E,1.26,168.31#CT    0.11  19.786   0.002   0.010   105.89     9.65   4.869 055
070225 105008.000,4604.9504,N,01312.9272,E,1.07,168.31#CT    0.11  19.786   0.002   0.010   105.89     9.65   4.870 063
070225 105008.000,4604.9504,N,01312.9272,E,1.07,168.31#CT    0.11  19.786   0.002   0.010   105.89     9.65   4.871 062
070225 105009.000,4604.9499,N,01312.9263,E,1.11,168.31#CT    0.11  19.785   0.002   0.010   105.89     9.65   4.871 061
070225 105009.000,4604.9499,N,01312.9263,E,1.11,168.31#CT    0.11  19.784   0.002   0.010   105.98     9.66   4.872 060
070225 105010.000,4604.9492,N,01312.9255,E,1.31,168.31#CT    0.11  19.784   0.002   0.010   105.98     9.66   4.872 060
070225 105010.000,4604.9492,N,01312.9255,E,1.31,168.31#CT    0.11  19.783   0.002   0.010   105.98     9.66   4.873 058
070225 105011.000,4604.9489,N,01312.9246,E,1.31,168.31#CT    0.11  19.782   0.002   0.010   105.98     9.66   4.874 060
070225 105011.000,4604.9489,N,01312.9246,E,1.31,168.31#CT    0.11  19.781   0.002   0.010   105.98     9.66   4.874 063
070225 105012.000,4604.9482,N,01312.9236,E,1.58,168.31#CT    0.11  19.781   0.002   0.010   106.01     9.66   4.875 061
070225 105012.000,4604.9482,N,01312.9236,E,1.58,168.31#CT    0.11  19.781   0.002   0.010   106.01     9.66   4.875 061
070225 105013.000,4604.9482,N,01312.9230,E,1.01,168.31#CT    0.11  19.779   0.002   0.010   106.01     9.66   4.876 057
070225 105013.000,4604.9482,N,01312.9230,E,1.01,168.31#CT    0.11  19.778   0.002   0.010   106.01     9.66   4.877 057
070225 105014.000,4604.9479,N,01312.9228,E,1.08,168.31#CT    0.11  19.777   0.002   0.010   106.01     9.66   4.877 054
070225 105014.000,4604.9479,N,01312.9228,E,1.08,168.31#CT    0.11  19.776   0.002   0.010   105.89     9.65   4.878 056
070225 105015.000,4604.9479,N,01312.9226,E,0.71,168.31#CT    0.11  19.775   0.002   0.010   105.89     9.65   4.878 059
070225 105015.000,4604.9479,N,01312.9226,E,0.71,168.31#CT    0.11  19.774   0.002   0.010   105.89     9.65   4.879 059
070225 105016.000,4604.9477,N,01312.9223,E,0.87,168.31#CT    0.11  19.773   0.002   0.010   105.89     9.65   4.879 060
070225 105016.000,4604.9477,N,01312.9223,E,0.87,168.31#CT    0.11  19.772   0.002   0.010   105.89     9.65   4.880 059
070225 105017.000,4604.9473,N,01312.9215,E,1.53,168.31#CT    0.11  19.770   0.002   0.010   105.92     9.66   4.880 048
070225 105017.000,4604.9473,N,01312.9215,E,1.53,168.31#CT    0.11  19.769   0.002   0.010   105.92     9.66   4.881 057
070225 105018.000,4604.9469,N,01312.9212,E,1.58,168.31#CT    0.11  19.767   0.002   0.010   105.92     9.66   4.882 052
070225 105018.000,4604.9469,N,01312.9212,E,1.58,168.31#CT    0.11  19.767   0.002   0.010   105.92     9.66   4.882 052
070225 105019.000,4604.9469,N,01312.9213,E,0.89,168.31#CT    0.11  19.766   0.002   0.010   105.92     9.66   4.883 052
070225 105019.000,4604.9469,N,01312.9213,E,0.89,168.31#CT    0.11  19.765   0.002   0.010   105.97     9.66   4.883 050
070225 105020.000,4604.9465,N,01312.9204,E,1.10,168.31#CT    0.11  19.763   0.002   0.010   105.97     9.66   4.884 051
070225 105020.000,4604.9465,N,01312.9204,E,1.10,168.31#CT    0.11  19.762   0.002   0.010   105.97     9.66   4.884 050
070225 105021.000,4604.9465,N,01312.9199,E,1.03,168.31#CT    0.11  19.760   0.002   0.010   105.97     9.66   4.885 049
070225 105021.000,4604.9465,N,01312.9199,E,1.03,168.31#CT    0.11  19.759   0.002   0.010   105.97     9.66   4.886 056
070225 105022.000,4604.9464,N,01312.9192,E,1.05,168.31#CT    0.11  19.759   0.002   0.010   105.94     9.66   4.886 059
070225 105022.000,4604.9464,N,01312.9192,E,1.05,168.31#CT    0.11  19.759   0.002   0.010   105.94     9.66   4.887 058
070225 105023.000,4604.9465,N,01312.9194,E,1.95,168.31#CT    0.11  19.758   0.002   0.010   105.94     9.66   4.887 059
070225 105023.000,4604.9465,N,01312.9194,E,1.95,168.31#CT    0.11  19.758   0.002   0.010   105.94     9.66   4.888 052
070225 105024.000,4604.9467,N,01312.9192,E,1.89,168.31#CT    0.11  19.757   0.002   0.010   105.94     9.66   4.888 059
070225 105024.000,4604.9467,N,01312.9192,E,1.89,168.31#CT    0.11  19.758   0.002   0.010   105.90     9.66   4.889 049
070225 105025.000,4604.9464,N,01312.9187,E,1.30,168.31#CT    0.11  19.757   0.002   0.010   105.90     9.66   4.889 062
070225 105025.000,4604.9464,N,01312.9187,E,1.30,168.31#CT    0.11  19.755   0.002   0.010   105.90     9.66   4.890 052
070225 105026.000,4604.9462,N,01312.9186,E,1.10,168.31#CT    0.11  19.755   0.002   0.010   105.90     9.66   4.890 052
070225 105026.000,4604.9462,N,01312.9186,E,1.10,168.31#CT    0.11  19.754   0.002   0.010   105.90     9.66   4.891 052
070225 105027.000,4604.9461,N,01312.9183,E,0.71,168.31#CT    0.11  19.753   0.002   0.010   106.02     9.67   4.891 058
070225 105027.000,4604.9461,N,01312.9183,E,0.71,168.31#CT    0.11  19.753   0.002   0.010   106.02     9.67   4.892 057
070225 105028.000,4604.9463,N,01312.9181,E,0.17,168.31#CT    0.11  19.753   0.002   0.010   106.02     9.67   4.892 057
070225 105028.000,4604.9463,N,01312.9181,E,0.17,168.31#CT    0.11  19.753   0.002   0.010   106.02     9.67   4.893 056
070225 105029.000,4604.9458,N,01312.9178,E,0.19,168.31#CT    0.11  19.753   0.002   0.010   106.02     9.67   4.893 056
070225 105030.000,4604.9454,N,01312.9174,E,0.37,168.31#CT    0.11  19.752   0.002   0.010   105.93     9.66   4.894 052
070225 105030.000,4604.9454,N,01312.9174,E,0.37,168.31#CT    0.11  19.751   0.002   0.010   105.93     9.66   4.894 055
070225 105030.000,4604.9454,N,01312.9174,E,0.37,168.31#CT    0.11  19.752   0.002   0.010   105.93     9.66   4.895 053
070225 105031.000,4604.9455,N,01312.9168,E,0.98,168.31#CT    0.11  19.752   0.002   0.010   105.93     9.66   4.896 054
070225 105031.000,4604.9455,N,01312.9168,E,0.98,168.31#CT    0.11  19.751   0.002   0.010   105.93     9.66   4.896 053
070225 105032.000,4604.9459,N,01312.9165,E,1.30,168.31#CT    0.11  19.751   0.002   0.010   106.00     9.67   4.897 060
070225 105032.000,4604.9459,N,01312.9165,E,1.30,168.31#CT    0.11  19.751   0.002   0.010   106.00     9.67   4.897 060
070225 105033.000,4604.9459,N,01312.9158,E,0.04,168.31#CT    0.11  19.752   0.002   0.010   106.00     9.67   4.898 048
070225 105034.000,4604.9460,N,01312.9154,E,0.02,168.31#CT    0.11  19.752   0.002   0.010   106.00     9.67   4.898 048
070225 105034.000,4604.9460,N,01312.9154,E,0.02,168.31#CT    0.11  19.752   0.002   0.010   106.00     9.67   4.899 049
070225 105035.000,4604.9460,N,01312.9149,E,0.03,168.31#CT    0.11  19.751   0.002   0.010   106.05     9.67   4.899 055
070225 105035.000,4604.9460,N,01312.9149,E,0.03,168.31#CT    0.11  19.752   0.002   0.010   106.05     9.67   4.900 053
070225 105036.000,4604.9458,N,01312.9146,E,0.04,168.31#CT    0.11  19.752   0.002   0.010   106.05     9.67   4.900 053
070225 105036.000,4604.9458,N,01312.9146,E,0.04,168.31#CT    0.11  19.752   0.002   0.010   106.05     9.67   4.901 052
070225 105037.000,4604.9461,N,01312.9146,E,0.12,168.31#CT    0.11  19.753   0.002   0.010   106.05     9.67   4.901 053
070225 105037.000,4604.9461,N,01312.9146,E,0.12,168.31#CT    0.11  19.754   0.002   0.010   105.92     9.66   4.902 061
070225 105038.000,4604.9459,N,01312.9135,E,0.09,168.31#CT    0.11  19.754   0.002   0.010   105.92     9.66   4.902 061
070225 105038.000,4604.9459,N,01312.9135,E,0.09,168.31#CT    0.11  19.753   0.002   0.010   105.92     9.66   4.903 059
070225 105039.000,4604.9459,N,01312.9136,E,0.07,168.31#CT    0.11  19.754   0.002   0.010   105.92     9.66   4.903 060
070225 105039.000,4604.9459,N,01312.9136,E,0.07,168.31#CT    0.11  19.755   0.002   0.010   105.92     9.66   4.904 058
070225 105040.000,4604.9455,N,01312.9129,E,0.12,168.31#CT    0.11  19.755   0.002   0.010   105.96     9.67   4.904 063
070225 105040.000,4604.9455,N,01312.9129,E,0.12,168.31#CT    0.11  19.755   0.002   0.010   105.96     9.67   4.905 062
070225 105041.000,4604.9449,N,01312.9118,E,0.23,168.31#CT    0.11  19.757   0.002   0.010   105.96     9.67   4.905 060
070225 105041.000,4604.9449,N,01312.9118,E,0.23,168.31#CT    0.11  19.758   0.002   0.010   105.96     9.67   4.906 048
070225 105042.000,4604.9455,N,01312.9117,E,0.15,168.31#CT    0.11  19.758   0.002   0.010   105.96     9.67   4.906 048
070225 105042.000,4604.9455,N,01312.9117,E,0.15,168.31#CT    0.11  19.758   0.002   0.010   106.05     9.67   4.907 056
070225 105043.000,4604.9457,N,01312.9114,E,1.42,168.31#CT    0.11  19.758   0.002   0.010   106.05     9.67   4.907 056
070225 105043.000,4604.9457,N,01312.9114,E,1.42,168.31#CT    0.11  19.758   0.002   0.010   106.05     9.67   4.907 056
070225 105044.000,4604.9459,N,01312.9113,E,1.45,168.31#CT    0.11  19.759   0.002   0.010   106.05     9.67   4.908 054
070225 105044.000,4604.9459,N,01312.9113,E,1.45,168.31#CT    0.11  19.760   0.002   0.010   106.05     9.67   4.908 060
070225 105045.000,4604.9460,N,01312.9111,E,1.26,168.31#CT    0.11  19.760   0.002   0.010   106.09     9.68   4.909 062
070225 105045.000,4604.9460,N,01312.9111,E,1.26,168.31#CT    0.11  19.760   0.002   0.010   106.09     9.68   4.909 062
070225 105046.000,4604.9457,N,01312.9106,E,1.74,168.31#CT    0.11  19.761   0.002   0.010   106.09     9.68   4.909 063
070225 105046.000,4604.9457,N,01312.9106,E,1.74,168.31#CT    0.11  19.762   0.002   0.010   106.09     9.68   4.910 052
070225 105047.000,4604.9467,N,01312.9119,E,0.10,168.31#CT    0.11  19.762   0.002   0.010   106.09     9.68   4.910 052
070225 105047.000,4604.9467,N,01312.9119,E,0.10,168.31#CT    0.11  19.763   0.002   0.010   106.05     9.67   4.911 055
070225 105048.000,4604.9467,N,01312.9122,E,0.06,168.31#CT    0.11  19.763   0.002   0.010   106.05     9.67   4.911 055
070225 105048.000,4604.9467,N,01312.9122,E,0.06,168.31#CT    0.11  19.763   0.002   0.010   106.05     9.67   4.911 055
070225 105049.000,4604.9469,N,01312.9128,E,0.01,168.31#CT    0.11  19.764   0.002   0.010   106.05     9.67   4.912 051
070225 105049.000,4604.9469,N,01312.9128,E,0.01,168.31#CT    0.11  19.764   0.002   0.010   106.05     9.67   4.912 051
070225 105050.000,4604.9467,N,01312.9132,E,0.08,168.31#CT    0.11  19.765   0.002   0.010   106.00     9.67   4.913 054
070225 105050.000,4604.9467,N,01312.9132,E,0.08,168.31#CT    0.11  19.765   0.002   0.010   106.00     9.67   4.913 054
070225 105051.000,4604.9467,N,01312.9133,E,0.05,168.31#CT    0.11  19.765   0.002   0.010   106.00     9.67   4.913 054
070225 105051.000,4604.9467,N,01312.9133,E,0.05,168.31#CT    0.11  19.766   0.002   0.010   106.00     9.67   4.914 050
070225 105052.000,4604.9466,N,01312.9129,E,0.10,168.31#CT    0.11  19.766   0.002   0.010   106.00     9.67   4.914 050
070225 105052.000,4604.9466,N,01312.9129,E,0.10,168.31#CT    0.11  19.767   0.002   0.010   105.95     9.66   4.914 061
070225 105053.000,4604.9469,N,01312.9129,E,0.08,168.31#CT    0.11  19.768   0.002   0.010   105.95     9.66   4.915 051
070225 105053.000,4604.9469,N,01312.9129,E,0.08,168.31#CT    0.11  19.768   0.002   0.010   105.95     9.66   4.915 051
070225 105054.000,4604.9471,N,01312.9119,E,0.18,168.31#CT    0.11  19.768   0.002   0.010   105.95     9.66   4.915 051
070225 105054.000,4604.9471,N,01312.9119,E,0.18,168.31#CT    0.11  19.769   0.002   0.010   105.95     9.66   4.916 049
070225 105055.000,4604.9477,N,01312.9127,E,0.05,168.31#CT    0.11  19.769   0.002   0.010   105.91     9.66   4.916 053
070225 105055.000,4604.9477,N,01312.9127,E,0.05,168.31#CT    0.11  19.769   0.002   0.010   105.91     9.66   4.916 053
070225 105056.000,4604.9480,N,01312.9127,E,0.04,168.31#CT    0.11  19.770   0.002   0.010   105.91     9.66   4.917 060
070225 105056.000,4604.9480,N,01312.9127,E,0.04,168.31#CT    0.11  19.770   0.002   0.010   105.91     9.66   4.917 060
070225 105057.000,4604.9480,N,01312.9121,E,0.12,168.31#CT    0.11  19.771   0.002   0.010   105.91     9.66   4.917 061
070225 105057.000,4604.9480,N,01312.9121,E,0.12,168.31#CT    0.11  19.771   0.002   0.010   106.02     9.67   4.918 058
070225 105058.000,4604.9476,N,01312.9116,E,0.20,168.31#CT    0.11  19.771   0.002   0.010   106.02     9.67   4.918 058
070225 105058.000,4604.9476,N,01312.9116,E,0.20,168.31#CT    0.11  19.772   0.002   0.010   106.02     9.67   4.918 057
070225 105059.000,4604.9474,N,01312.9114,E,0.26,168.31#CT    0.11  19.771   0.002   0.010   106.02     9.67   4.919 059
070225 105059.000,4604.9474,N,01312.9114,E,0.26,168.31#CT    0.11  19.771   0.002   0.010   106.02     9.67   4.919 059
070225 105100.000,4604.9480,N,01312.9117,E,0.21,168.31#CT    0.11  19.772   0.002   0.010   106.04     9.67   4.919 062
070225 105100.000,4604.9480,N,01312.9117,E,0.21,168.31#CT    0.11  19.772   0.002   0.010   106.04     9.67   4.920 052
070225 105101.000,4604.9487,N,01312.9120,E,0.11,168.31#CT    0.11  19.772   0.002   0.010   106.04     9.67   4.920 052
070225 105101.000,4604.9487,N,01312.9120,E,0.11,168.31#CT    0.11  19.773   0.002   0.010   106.04     9.67   4.920 053
070225 105102.000,4604.9490,N,01312.9122,E,0.10,168.31#CT    0.11  19.774   0.002   0.010   106.04     9.67   4.921 051
070225 105103.000,4604.9496,N,01312.9126,E,0.09,168.31#CT    0.11  19.774   0.002   0.010   105.98     9.66   4.921 052
070225 105103.000,4604.9496,N,01312.9126,E,0.09,168.31#CT    0.11  19.773   0.002   0.010   105.98     9.66   4.921 051
070225 105104.000,4604.9500,N,01312.9133,E,0.07,168.31#CT    0.11  19.774   0.002   0.010   105.98     9.66   4.922 055
070225 105104.000,4604.9500,N,01312.9133,E,0.07,168.31#CT    0.11  19.774   0.002   0.010   105.98     9.66   4.922 055
070225 105105.000,4604.9505,N,01312.9136,E,0.92,335.69#CT    0.11  19.775   0.002   0.010   105.98     9.66   4.922 054
070225 105105.000,4604.9505,N,01312.9136,E,0.92,335.69#CT    0.11  19.775   0.002   0.010   105.89     9.66   4.923 055
070225 105106.000,4604.9510,N,01312.9140,E,0.98,354.84#CT    0.11  19.776   0.002   0.010   105.89     9.66   4.923 052
070225 105106.000,4604.9510,N,01312.9140,E,0.98,354.84#CT    0.11  19.776   0.002   0.010   105.89     9.66   4.923 052
070225 105107.000,4604.9512,N,01312.9141,E,0.59,344.22#CT    0.11  19.776   0.002   0.010   105.89     9.66   4.924 051
070225 105107.000,4604.9512,N,01312.9141,E,0.59,344.22#CT    0.11  19.775   0.002   0.010   105.89     9.66   4.924 048
070225 105108.000,4604.9516,N,01312.9144,E,0.43,344.22#CT    0.11  19.776   0.002   0.010   105.90     9.66   4.924 059
070225 105108.000,4604.9516,N,01312.9144,E,0.43,344.22#CT    0.11  19.776   0.002   0.010   105.90     9.66   4.925 058
070225 105109.000,4604.9522,N,01312.9148,E,0.99,347.78#CT    0.11  19.775   0.002   0.010   105.90     9.66   4.925 057
070225 105109.000,4604.9522,N,01312.9148,E,0.99,347.78#CT    0.11  19.776   0.002   0.010   105.90     9.66   4.925 058
070225 105110.000,4604.9526,N,01312.9154,E,0.52,347.78#CT    0.11  19.775   0.002   0.010   105.90     9.66   4.926 058
070225 105110.000,4604.9526,N,01312.9154,E,0.52,347.78#CT    0.11  19.776   0.002   0.010   106.00     9.66   4.926 051
070225 105111.000,4604.9528,N,01312.9163,E,0.49,347.78#CT    0.11  19.775   0.002   0.010   106.00     9.66   4.926 048
070225 105111.000,4604.9528,N,01312.9163,E,0.49,347.78#CT    0.11  19.775   0.002   0.010   106.00     9.66   4.927 049
070225 105112.000,4604.9530,N,01312.9168,E,0.26,347.78#CT    0.11  19.775   0.002   0.010   106.00     9.66   4.927 049
070225 105112.000,4604.9530,N,01312.9168,E,0.26,347.78#CT    0.11  19.775   0.002   0.010   106.00     9.66   4.927 049
070225 105113.000,4604.9533,N,01312.9174,E,0.59,1.24#CT    0.11  19.774   0.002   0.010   105.92     9.66   4.928 055
070225 105113.000,4604.9533,N,01312.9174,E,0.59,1.24#CT    0.11  19.774   0.002   0.010   105.92     9.66   4.928 055
070225 105114.000,4604.9538,N,01312.9179,E,0.99,346.35#CT    0.11  19.773   0.002   0.010   105.92     9.66   4.928 048
070225 105114.000,4604.9538,N,01312.9179,E,0.99,346.35#CT    0.11  19.772   0.002   0.010   105.92     9.66   4.928 049
070225 105115.000,4604.9541,N,01312.9185,E,0.53,346.35#CT    0.11  19.772   0.002   0.010   105.92     9.66   4.929 048
070225 105115.000,4604.9541,N,01312.9185,E,0.53,346.35#CT    0.11  19.771   0.002   0.010   106.08     9.67   4.929 050
070225 105116.000,4604.9538,N,01312.9183,E,1.11,208.87#CT    0.11  19.771   0.002   0.010   106.08     9.67   4.929 050
070225 105116.000,4604.9538,N,01312.9183,E,1.11,208.87#CT    0.11  19.770   0.002   0.010   106.08     9.67   4.930 059
070225 105117.000,4604.9539,N,01312.9187,E,0.72,192.11#CT    0.11  19.770   0.002   0.010   106.08     9.67   4.930 059
070225 105117.000,4604.9539,N,01312.9187,E,0.72,192.11#CT    0.11  19.770   0.002   0.010   106.08     9.67   4.930 059
070225 105118.000,4604.9543,N,01312.9191,E,0.22,192.11#CT    0.11  19.769   0.002   0.010   105.97     9.66   4.931 054
070225 105118.000,4604.9543,N,01312.9191,E,0.22,192.11#CT    0.11  19.769   0.002   0.010   105.97     9.66   4.931 054
070225 105119.000,4604.9547,N,01312.9189,E,0.91,277.64#CT    0.11  19.770   0.002   0.010   105.97     9.66   4.931 062
070225 105119.000,4604.9547,N,01312.9189,E,0.91,277.64#CT    0.11  19.770   0.002   0.010   105.97     9.66   4.932 061
070225 105120.000,4604.9553,N,01312.9187,E,1.30,280.60#CT    0.11  19.769   0.002   0.010   105.97     9.66   4.932 053
070225 105120.000,4604.9553,N,01312.9187,E,1.30,280.60#CT    0.11  19.768   0.002   0.010   106.02     9.67   4.932 058
070225 105121.000,4604.9560,N,01312.9186,E,1.01,252.27#CT    0.11  19.767   0.002   0.010   106.02     9.67   4.932 053
070225 105121.000,4604.9560,N,01312.9186,E,1.01,252.27#CT    0.11  19.767   0.002   0.010   106.02     9.67   4.933 052
070225 105122.000,4604.9562,N,01312.9186,E,0.79,241.16#CT    0.11  19.767   0.002   0.010   106.02     9.67   4.933 052
070225 105122.000,4604.9562,N,01312.9186,E,0.79,241.16#CT    0.11  19.766   0.002   0.010   106.02     9.67   4.933 053
070225 105123.000,4604.9571,N,01312.9195,E,0.35,241.16#CT    0.11  19.766   0.002   0.010   105.92     9.66   4.934 057
070225 105123.000,4604.9571,N,01312.9195,E,0.35,241.16#CT    0.11  19.766   0.002   0.010   105.92     9.66   4.934 057
070225 105124.000,4604.9581,N,01312.9196,E,0.95,313.16#CT    0.11  19.766   0.002   0.010   105.92     9.66   4.934 057
070225 105124.000,4604.9581,N,01312.9196,E,0.95,313.16#CT    0.11  19.765   0.002   0.010   105.92     9.66   4.934 058
070225 105125.000,4604.9587,N,01312.9201,E,0.87,315.42#CT    0.11  19.765   0.002   0.010   105.92     9.66   4.935 059
070225 105126.000,4604.9588,N,01312.9207,E,0.37,315.42#CT    0.11  19.765   0.002   0.010   105.97     9.66   4.935 062
070225 105126.000,4604.9588,N,01312.9207,E,0.37,315.42#CT    0.11  19.765   0.002   0.010   105.97     9.66   4.936 061
070225 105126.000,4604.9588,N,01312.9207,E,0.37,315.42#CT    0.11  19.765   0.002   0.010   105.97     9.66   4.936 061
070225 105127.000,4604.9596,N,01312.9209,E,0.93,308.50#CT    0.11  19.764   0.002   0.010   105.97     9.66   4.936 060
070225 105127.000,4604.9596,N,01312.9209,E,0.93,308.50#CT    0.11  19.764   0.002   0.010   105.97     9.66   4.936 060
070225 105128.000,4604.9598,N,01312.9214,E,0.70,317.23#CT    0.11  19.763   0.002   0.010   105.86     9.65   4.937 057
070225 105128.000,4604.9598,N,01312.9214,E,0.70,317.23#CT    0.11  19.763   0.002   0.010   105.86     9.65   4.937 057
070225 105129.000,4604.9602,N,01312.9219,E,0.43,317.23#CT    0.11  19.763   0.002   0.010   105.86     9.65   4.937 057
070225 105130.000,4604.9609,N,01312.9227,E,0.46,317.23#CT    0.11  19.761   0.002   0.010   105.86     9.65   4.937 059
070225 105130.000,4604.9609,N,01312.9227,E,0.46,317.23#CT    0.11  19.762   0.002   0.010   105.86     9.65   4.937 056
070225 105131.000,4604.9615,N,01312.9229,E,0.83,327.10#CT    0.11  19.761   0.002   0.010   105.98     9.67   4.937 054
070225 105131.000,4604.9615,N,01312.9229,E,0.83,327.10#CT    0.11  19.761   0.002   0.010   105.98     9.67   4.938 057
070225 105132.000,4604.9624,N,01312.9232,E,0.81,330.15#CT    0.11  19.761   0.002   0.010   105.98     9.67   4.938 057
070225 105132.000,4604.9624,N,01312.9232,E,0.81,330.15#CT    0.11  19.761   0.002   0.010   105.98     9.67   4.939 056
070225 105133.000,4604.9625,N,01312.9237,E,0.38,330.15#CT    0.11  19.761   0.002   0.010   105.98     9.67   4.939 056
070225 105133.000,4604.9625,N,01312.9237,E,0.38,330.15#CT    0.11  19.761   0.002   0.010   105.94     9.66   4.940 059
070225 105134.000,4604.9626,N,01312.9246,E,0.17,330.15#CT    0.11  19.760   0.002   0.010   105.94     9.66   4.940 058
070225 105134.000,4604.9626,N,01312.9246,E,0.17,330.15#CT    0.11  19.761   0.002   0.010   105.94     9.66   4.940 059
070225 105135.000,4604.9628,N,01312.9252,E,0.53,330.15#CT    0.11  19.761   0.002   0.010   105.94     9.66   4.940 059
070225 105135.000,4604.9628,N,01312.9252,E,0.53,330.15#CT    0.11  19.761   0.002   0.010   105.94     9.66   4.941 058
070225 105136.000,4604.9634,N,01312.9255,E,0.62,315.20#CT    0.11  19.762   0.002   0.010   105.88     9.66   4.941 052
070225 105136.000,4604.9634,N,01312.9255,E,0.62,315.20#CT    0.11  19.761   0.002   0.010   105.88     9.66   4.941 055
070225 105137.000,4604.9613,N,01312.9266,E,0.51,315.20#CT    0.11  19.761   0.002   0.010   105.88     9.66   4.941 055
070225 105137.000,4604.9613,N,01312.9266,E,0.51,315.20#CT    0.11  19.760   0.002   0.010   105.88     9.66   4.942 053
070225 105138.000,4604.9591,N,01312.9268,E,1.28,239.99#CT    0.11  19.759   0.002   0.010   105.88     9.66   4.942 063
070225 105138.000,4604.9591,N,01312.9268,E,1.28,239.99#CT    0.11  19.759   0.002   0.010   105.94     9.66   4.942 050
070225 105139.000,4604.9589,N,01312.9263,E,1.00,286.54#CT    0.11  19.759   0.002   0.010   105.94     9.66   4.942 050
070225 105139.000,4604.9589,N,01312.9263,E,1.00,286.54#CT    0.11  19.759   0.002   0.010   105.94     9.66   4.943 051
070225 105140.000,4604.9589,N,01312.9261,E,0.46,286.54#CT    0.11  19.760   0.002   0.010   105.94     9.66   4.943 057
070225 105140.000,4604.9589,N,01312.9261,E,0.46,286.54#CT    0.11  19.760   0.002   0.010   105.94     9.66   4.943 057
070225 105141.000,4604.9583,N,01312.9266,E,0.43,286.54#CT    0.11  19.759   0.002   0.010   105.98     9.67   4.943 062
070225 105141.000,4604.9583,N,01312.9266,E,0.43,286.54#CT    0.11  19.758   0.002   0.010   105.98     9.67   4.944 056
070225 105142.000,4604.9577,N,01312.9273,E,0.41,286.54#CT    0.11  19.759   0.002   0.010   105.98     9.67   4.944 057
070225 105142.000,4604.9577,N,01312.9273,E,0.41,286.54#CT    0.11  19.759   0.002   0.010   105.98     9.67   4.944 057
070225 105143.000,4604.9568,N,01312.9278,E,0.27,286.54#CT    0.11  19.758   0.002   0.010   105.98     9.67   4.944 056
070225 105143.000,4604.9568,N,01312.9278,E,0.27,286.54#CT    0.11  19.757   0.002   0.010   105.91     9.66   4.945 062
070225 105144.000,4604.9559,N,01312.9280,E,0.64,196.19#CT    0.11  19.756   0.002   0.010   105.91     9.66   4.945 063
070225 105144.000,4604.9559,N,01312.9280,E,0.64,196.19#CT    0.11  19.755   0.002   0.010   105.91     9.66   4.945 060
070225 105145.000,4604.9552,N,01312.9284,E,0.41,196.19#CT    0.11  19.756   0.002   0.010   105.91     9.66   4.945 063
070225 105145.000,4604.9552,N,01312.9284,E,0.41,196.19#CT    0.11  19.755   0.002   0.010   105.91     9.66   4.946 063
070225 105146.000,4604.9543,N,01312.9291,E,0.58,220.85#CT    0.11  19.755   0.002   0.010   105.96     9.66   4.946 056
070225 105146.000,4604.9543,N,01312.9291,E,0.58,220.85#CT    0.11  19.755   0.002   0.010   105.96     9.66   4.946 056
070225 105147.000,4604.9545,N,01312.9301,E,0.06,220.85#CT    0.11  19.756   0.002   0.010   105.96     9.66   4.946 059
070225 105147.000,4604.9545,N,01312.9301,E,0.06,220.85#CT    0.11  19.756   0.002   0.010   105.96     9.66   4.946 059
070225 105148.000,4604.9547,N,01312.9308,E,0.82,108.05#CT    0.11  19.755   0.002   0.010   105.96     9.66   4.947 057
070225 105148.000,4604.9547,N,01312.9308,E,0.82,108.05#CT    0.11  19.754   0.002   0.010   106.01     9.67   4.947 052
070225 105149.000,4604.9547,N,01312.9316,E,1.03,118.16#CT    0.11  19.754   0.002   0.010   106.01     9.67   4.947 052
070225 105149.000,4604.9547,N,01312.9316,E,1.03,118.16#CT    0.11  19.753   0.002   0.010   106.01     9.67   4.947 051
070225 105150.000,4604.9547,N,01312.9319,E,0.97,140.34#CT    0.11  19.752   0.002   0.010   106.01     9.67   4.948 061
070225 105150.000,4604.9547,N,01312.9319,E,0.97,140.34#CT    0.11  19.752   0.002   0.010   106.01     9.67   4.948 061
070225 105151.000,4604.9545,N,01312.9324,E,0.80,155.26#CT    0.11  19.751   0.002   0.010   105.89     9.66   4.948 060
070225 105151.000,4604.9545,N,01312.9324,E,0.80,155.26#CT    0.11  19.752   0.002   0.010   105.89     9.66   4.948 063
070225 105152.000,4604.9537,N,01312.9331,E,0.80,139.50#CT    0.11  19.752   0.002   0.010   105.89     9.66   4.948 063
070225 105152.000,4604.9537,N,01312.9331,E,0.80,139.50#CT    0.11  19.751   0.002   0.010   105.89     9.66   4.949 061
070225 105153.000,4604.9535,N,01312.9342,E,0.87,120.27#CT    0.11  19.751   0.002   0.010   105.89     9.66   4.949 061
070225 105153.000,4604.9535,N,01312.9342,E,0.87,120.27#CT    0.11  19.751   0.002   0.010   106.00     9.67   4.949 062
070225 105154.000,4604.9533,N,01312.9356,E,1.25,115.85#CT    0.11  19.751   0.002   0.010   106.00     9.67   4.949 062
070225 105154.000,4604.9533,N,01312.9356,E,1.25,115.85#CT    0.11  19.751   0.002   0.010   106.00     9.67   4.950 054
070225 105155.000,4604.9536,N,01312.9360,E,0.64,68.97#CT    0.11  19.751   0.002   0.010   106.00     9.67   4.950 054
070225 105155.000,4604.9536,N,01312.9360,E,0.64,68.97#CT    0.11  19.751   0.002   0.010   106.00     9.67   4.951 055
070225 105156.000,4604.9537,N,01312.9370,E,0.70,66.05#CT    0.11  19.751   0.002   0.010   106.01     9.67   4.951 054
070225 105156.000,4604.9537,N,01312.9370,E,0.70,66.05#CT    0.11  19.751   0.002   0.010   106.01     9.67   4.951 054
070225 105157.000,4604.9539,N,01312.9368,E,0.52,66.05#CT    0.11  19.751   0.002   0.010   106.01     9.67   4.951 054
070225 105157.000,4604.9539,N,01312.9368,E,0.52,66.05#CT    0.11  19.750   0.002   0.010   106.01     9.67   4.952 052
070225 105158.000,4604.9542,N,01312.9374,E,0.32,66.05#CT    0.11  19.750   0.002   0.010   106.01     9.67   4.952 052
070225 105159.000,4604.9542,N,01312.9380,E,0.56,66.05#CT    0.11  19.751   0.002   0.010   105.93     9.66   4.952 060
070225 105159.000,4604.9542,N,01312.9380,E,0.56,66.05#CT    0.11  19.752   0.002   0.010   105.93     9.66   4.952 063
070225 105200.000,4604.9543,N,01312.9389,E,0.51,66.05#CT    0.11  19.752   0.002   0.010   105.93     9.66   4.952 063
070225 105200.000,4604.9543,N,01312.9389,E,0.51,66.05#CT    0.11  19.751   0.002   0.010   105.93     9.66   4.953 061
070225 105201.000,4604.9549,N,01312.9387,E,0.30,66.05#CT    0.11  19.751   0.002   0.010   105.93     9.66   4.953 061
070225 105201.000,4604.9549,N,01312.9387,E,0.30,66.05#CT    0.11  19.752   0.002   0.010   106.00     9.67   4.953 054
070225 105202.000,4604.9553,N,01312.9392,E,0.11,66.05#CT    0.11  19.752   0.002   0.010   106.00     9.67   4.953 054
070225 105202.000,4604.9553,N,01312.9392,E,0.11,66.05#CT    0.11  19.752   0.002   0.010   106.00     9.67   4.953 054
070225 105203.000,4604.9557,N,01312.9399,E,0.50,66.05#CT    0.11  19.753   0.002   0.010   106.00     9.67   4.954 048
070225 105203.000,4604.9557,N,01312.9399,E,0.50,66.05#CT    0.11  19.753   0.002   0.010   106.00     9.67   4.954 048
070225 105204.000,4604.9558,N,01312.9406,E,0.37,66.05#CT    0.11  19.752   0.002   0.010   106.02     9.67   4.954 051
070225 105204.000,4604.9558,N,01312.9406,E,0.37,66.05#CT    0.11  19.754   0.002   0.010   106.02     9.67   4.954 053
070225 105205.000,4604.9567,N,01312.9406,E,0.79,120.06#CT    0.11  19.753   0.002   0.010   106.02     9.67   4.954 050
070225 105205.000,4604.9567,N,01312.9406,E,0.79,120.06#CT    0.11  19.753   0.002   0.010   106.02     9.67   4.955 051
070225 105206.000,4604.9580,N,01312.9400,E,0.17,120.06#CT    0.11  19.753   0.002   0.010   106.02     9.67   4.955 051
070225 105206.000,4604.9580,N,01312.9400,E,0.17,120.06#CT    0.11  19.754   0.002   0.010   105.98     9.67   4.955 052
070225 105207.000,4604.9590,N,01312.9402,E,0.40,120.06#CT    0.11  19.754   0.002   0.010   105.98     9.67   4.955 052
070225 105207.000,4604.9590,N,01312.9402,E,0.40,120.06#CT    0.11  19.754   0.002   0.010   105.98     9.67   4.956 055
070225 105208.000,4604.9595,N,01312.9406,E,0.60,97.35#CT    0.11  19.754   0.002   0.010   105.98     9.67   4.956 055
070225 105208.000,4604.9595,N,01312.9406,E,0.60,97.35#CT    0.11  19.754   0.002   0.010   105.98     9.67   4.956 055
070225 105209.000,4604.9597,N,01312.9409,E,0.61,121.33#CT    0.11  19.754   0.002   0.010   105.96     9.67   4.956 057
070225 105209.000,4604.9597,N,01312.9409,E,0.61,121.33#CT    0.11  19.755   0.002   0.010   105.96     9.67   4.957 057
070225 105210.000,4604.9596,N,01312.9417,E,0.52,121.33#CT    0.11  19.754   0.002   0.010   105.96     9.67   4.957 056
070225 105210.000,4604.9596,N,01312.9417,E,0.52,121.33#CT    0.11  19.754   0.002   0.010   105.96     9.67   4.957 056
070225 105211.000,4604.9593,N,01312.9423,E,0.19,121.33#CT    0.11  19.754   0.002   0.010   105.96     9.67   4.957 056
070225 105211.000,4604.9593,N,01312.9423,E,0.19,121.33#CT    0.11  19.754   0.002   0.010   106.03     9.67   4.957 055
070225 105212.000,4604.9592,N,01312.9439,E,0.66,99.28#CT    0.11  19.754   0.002   0.010   106.03     9.67   4.958 056
070225 105212.000,4604.9592,N,01312.9439,E,0.66,99.28#CT    0.11  19.753   0.002   0.010   106.03     9.67   4.958 063
070225 105213.000,4604.9596,N,01312.9447,E,0.68,56.17#CT    0.11  19.753   0.002   0.010   106.03     9.67   4.958 063
070225 105213.000,4604.9596,N,01312.9447,E,0.68,56.17#CT    0.11  19.752   0.002   0.010   106.03     9.67   4.958 062
070225 105214.000,4604.9593,N,01312.9450,E,0.30,56.17#CT    0.11  19.752   0.002   0.010   105.96     9.67   4.959 048
070225 105214.000,4604.9593,N,01312.9450,E,0.30,56.17#CT    0.11  19.752   0.002   0.010   105.96     9.67   4.959 048
070225 105215.000,4604.9595,N,01312.9455,E,0.38,56.17#CT    0.11  19.752   0.002   0.010   105.96     9.67   4.959 048
070225 105215.000,4604.9595,N,01312.9455,E,0.38,56.17#CT    0.11  19.752   0.002   0.010   105.96     9.67   4.959 048
070225 105216.000,4604.9596,N,01312.9458,E,0.51,56.17#CT    0.11  19.752   0.002   0.010   105.96     9.67   4.959 048
070225 105216.000,4604.9596,N,01312.9458,E,0.51,56.17#CT    0.11  19.752   0.002   0.010   105.93     9.66   4.960 062
070225 105217.000,4604.9595,N,01312.9467,E,0.65,58.04#CT    0.11  19.751   0.002   0.010   105.93     9.66   4.960 061
070225 105217.000,4604.9595,N,01312.9467,E,0.65,58.04#CT    0.11  19.751   0.002   0.010   105.93     9.66   4.960 061
070225 105218.000,4604.9595,N,01312.9473,E,0.70,62.88#CT    0.11  19.750   0.002   0.010   105.93     9.66   4.960 060
070225 105218.000,4604.9595,N,01312.9473,E,0.70,62.88#CT    0.11  19.750   0.002   0.010   105.93     9.66   4.960 060
070225 105219.000,4604.9595,N,01312.9473,E,0.39,62.88#CT    0.11  19.749   0.002   0.010   105.95     9.66   4.961 051
070225 105219.000,4604.9595,N,01312.9473,E,0.39,62.88#CT    0.11  19.749   0.002   0.010   105.95     9.66   4.961 051
070225 105220.000,4604.9590,N,01312.9475,E,1.06,143.38#CT    0.11  19.749   0.002   0.010   105.95     9.66   4.961 051
070225 105220.000,4604.9590,N,01312.9475,E,1.06,143.38#CT    0.11  19.749   0.002   0.010   105.95     9.66   4.961 051
070225 105221.000,4604.9592,N,01312.9480,E,0.75,97.18#CT    0.11  19.749   0.002   0.010   105.95     9.66   4.961 051
070225 105221.000,4604.9592,N,01312.9480,E,0.75,97.18#CT    0.11  19.748   0.002   0.010   106.00     9.67   4.962 063
070225 105222.000,4604.9590,N,01312.9473,E,0.17,97.18#CT    0.11  19.747   0.002   0.010   106.00     9.67   4.962 048
070225 105222.000,4604.9590,N,01312.9473,E,0.17,97.18#CT    0.11  19.747   0.002   0.010   106.00     9.67   4.962 048
070225 105223.000,4604.9593,N,01312.9476,E,0.26,97.18#CT    0.11  19.747   0.002   0.010   106.00     9.67   4.962 048
070225 105223.000,4604.9593,N,01312.9476,E,0.26,97.18#CT    0.11  19.747   0.002   0.010   106.00     9.67   4.962 048
070225 105224.000,4604.9590,N,01312.9470,E,0.63,244.38#CT    0.11  19.746   0.002   0.010   105.97     9.67   4.962 060
070225 105224.000,4604.9590,N,01312.9470,E,0.63,244.38#CT    0.11  19.746   0.002   0.010   105.97     9.67   4.963 061
070225 105225.000,4604.9590,N,01312.9471,E,0.55,244.38#CT    0.11  19.746   0.002   0.010   105.97     9.67   4.963 061
070225 105225.000,4604.9590,N,01312.9471,E,0.55,244.38#CT    0.11  19.746   0.002   0.010   105.97     9.67   4.963 061
070225 105226.000,4604.9594,N,01312.9476,E,0.26,244.38#CT    0.11  19.746   0.002   0.010   105.97     9.67   4.963 061
070225 105227.000,4604.9597,N,01312.9485,E,0.63,45.22#CT    0.11  19.746   0.002   0.010   105.95     9.67   4.964 056
070225 105227.000,4604.9597,N,01312.9485,E,0.63,45.22#CT    0.11  19.746   0.002   0.010   105.95     9.67   4.964 056
070225 105227.000,4604.9597,N,01312.9485,E,0.63,45.22#CT    0.11  19.746   0.002   0.010   105.95     9.67   4.964 056
070225 105228.000,4604.9598,N,01312.9488,E,0.50,45.22#CT    0.11  19.746   0.002   0.010   105.95     9.67   4.964 056
070225 105228.000,4604.9598,N,01312.9488,E,0.50,45.22#CT    0.11  19.745   0.002   0.010   105.95     9.67   4.964 059
070225 105229.000,4604.9595,N,01312.9484,E,0.39,45.22#CT    0.11  19.745   0.002   0.010   106.04     9.67   4.965 049
070225 105229.000,4604.9595,N,01312.9484,E,0.39,45.22#CT    0.11  19.746   0.002   0.010   106.04     9.67   4.965 050
070225 105230.000,4604.9596,N,01312.9488,E,0.49,45.22#CT    0.11  19.746   0.002   0.010   106.04     9.67   4.965 050
070225 105230.000,4604.9596,N,01312.9488,E,0.49,45.22#CT    0.11  19.746   0.002   0.010   106.04     9.67   4.965 050
070225 105231.000,4604.9589,N,01312.9470,E,0.98,221.32#CT    0.11  19.746   0.002   0.010   106.04     9.67   4.965 050
070225 105232.000,4604.9587,N,01312.9465,E,0.39,221.32#CT    0.11  19.746   0.002   0.010   105.96     9.67   4.965 058
070225 105232.000,4604.9587,N,01312.9465,E,0.39,221.32#CT    0.11  19.747   0.002   0.010   105.96     9.67   4.966 056
070225 105232.000,4604.9587,N,01312.9465,E,0.39,221.32#CT    0.11  19.746   0.002   0.010   105.96     9.67   4.966 057
070225 105233.000,4604.9584,N,01312.9457,E,0.44,221.32#CT    0.11  19.747   0.002   0.010   105.96     9.67   4.966 056
070225 105233.000,4604.9584,N,01312.9457,E,0.44,221.32#CT    0.11  19.747   0.002   0.010   105.96     9.67   4.966 056
070225 105234.000,4604.9585,N,01312.9455,E,0.43,221.32#CT    0.11  19.747   0.002   0.010   105.96     9.67   4.966 056
070225 105234.000,4604.9585,N,01312.9455,E,0.43,221.32#CT    0.11  19.748   0.002   0.010   105.96     9.67   4.966 055
070225 105235.000,4604.9585,N,01312.9450,E,1.16,234.08#CT    0.11  19.748   0.002   0.010   105.96     9.67   4.967 054
070225 105236.000,4604.9579,N,01312.9432,E,2.07,252.05#CT    0.11  19.748   0.002   0.010   105.96     9.67   4.967 054
070225 105236.000,4604.9579,N,01312.9432,E,2.07,252.05#CT    0.11  19.749   0.002   0.010   105.96     9.67   4.967 055
070225 105237.000,4604.9580,N,01312.9419,E,2.34,244.50#CT    0.11  19.750   0.002   0.010   106.07     9.68   4.967 059
070225 105237.000,4604.9580,N,01312.9419,E,2.34,244.50#CT    0.11  19.750   0.002   0.010   106.07     9.68   4.967 059
070225 105238.000,4604.9584,N,01312.9421,E,1.30,221.68#CT    0.11  19.749   0.002   0.010   106.07     9.68   4.967 051
070225 105238.000,4604.9584,N,01312.9421,E,1.30,221.68#CT    0.11  19.750   0.002   0.010   106.07     9.68   4.968 052
070225 105239.000,4604.9586,N,01312.9423,E,0.52,221.68#CT    0.11  19.750   0.002   0.010   106.07     9.68   4.968 052
070225 105239.000,4604.9586,N,01312.9423,E,0.52,221.68#CT    0.11  19.750   0.002   0.010   105.94     9.66   4.968 051
070225 105240.000,4604.9587,N,01312.9417,E,1.50,242.87#CT    0.11  19.751   0.002   0.010   105.94     9.66   4.968 050
070225 105240.000,4604.9587,N,01312.9417,E,1.50,242.87#CT    0.11  19.752   0.002   0.010   105.94     9.66   4.968 049
070225 105241.000,4604.9590,N,01312.9415,E,1.24,268.40#CT    0.11  19.752   0.002   0.010   105.94     9.66   4.968 049
070225 105241.000,4604.9590,N,01312.9415,E,1.24,268.40#CT    0.11  19.752   0.002   0.010   105.94     9.66   4.969 048
070225 105242.000,4604.9596,N,01312.9413,E,0.97,291.52#CT    0.11  19.752   0.002   0.010   105.97     9.67   4.969 050
070225 105242.000,4604.9596,N,01312.9413,E,0.97,291.52#CT    0.11  19.753   0.002   0.010   105.97     9.67   4.969 051
070225 105243.000,4604.9593,N,01312.9401,E,1.70,291.52#CT    0.11  19.754   0.002   0.010   105.97     9.67   4.969 052
070225 105243.000,4604.9593,N,01312.9401,E,1.70,291.52#CT    0.11  19.753   0.002   0.010   105.97     9.67   4.969 051
070225 105244.000,4604.9594,N,01312.9400,E,1.16,291.52#CT    0.11  19.754   0.002   0.010   105.97     9.67   4.969 052
070225 105244.000,4604.9594,N,01312.9400,E,1.16,291.52#CT    0.11  19.755   0.002   0.010   105.93     9.66   4.970 056
070225 105245.000,4604.9595,N,01312.9400,E,0.62,291.52#CT    0.11  19.756   0.002   0.010   105.93     9.66   4.970 059
070225 105245.000,4604.9595,N,01312.9400,E,0.62,291.52#CT    0.11  19.756   0.002   0.010   105.93     9.66   4.970 059
070225 105246.000,4604.9595,N,01312.9398,E,0.56,291.52#CT    0.11  19.757   0.002   0.010   105.93     9.66   4.970 058
070225 105246.000,4604.9595,N,01312.9398,E,0.56,291.52#CT    0.11  19.757   0.002   0.010   105.93     9.66   4.970 058
070225 105247.000,4604.9595,N,01312.9396,E,0.50,291.52#CT    0.11  19.758   0.002   0.010   105.92     9.66   4.970 052
070225 105247.000,4604.9595,N,01312.9396,E,0.50,291.52#CT    0.11  19.758   0.002   0.010   105.92     9.66   4.970 052
070225 105248.000,4604.9596,N,01312.9394,E,0.33,291.52#CT    0.11  19.759   0.002   0.010   105.92     9.66   4.971 052
070225 105248.000,4604.9596,N,01312.9394,E,0.33,291.52#CT    0.11  19.759   0.002   0.010   105.92     9.66   4.971 052
070225 105249.000,4604.9596,N,01312.9390,E,0.75,291.52#CT    0.11  19.760   0.002   0.010   105.92     9.66   4.971 062
070225 105249.000,4604.9596,N,01312.9390,E,0.75,291.52#CT    0.11  19.760   0.002   0.010   105.89     9.66   4.971 052
070225 105250.000,4604.9600,N,01312.9396,E,0.71,291.52#CT    0.11  19.761   0.002   0.010   105.89     9.66   4.971 053
070225 105250.000,4604.9600,N,01312.9396,E,0.71,291.52#CT    0.11  19.761   0.002   0.010   105.89     9.66   4.971 053
070225 105251.000,4604.9600,N,01312.9391,E,0.34,291.52#CT    0.11  19.761   0.002   0.010   105.89     9.66   4.971 053
070225 105251.000,4604.9600,N,01312.9391,E,0.34,291.52#CT    0.11  19.762   0.002   0.010   105.89     9.66   4.972 053
070225 105252.000,4604.9598,N,01312.9382,E,1.13,291.52#CT    0.11  19.762   0.002   0.010   106.02     9.67   4.972 052
070225 105252.000,4604.9598,N,01312.9382,E,1.13,291.52#CT    0.11  19.763   0.002   0.010   106.02     9.67   4.972 053
070225 105253.000,4604.9600,N,01312.9383,E,0.42,291.52#CT    0.11  19.763   0.002   0.010   106.02     9.67   4.972 053
070225 105253.000,4604.9600,N,01312.9383,E,0.42,291.52#CT    0.11  19.763   0.002   0.010   106.02     9.67   4.972 053
070225 105254.000,4604.9601,N,01312.9380,E,0.28,291.52#CT    0.11  19.764   0.002   0.010   106.02     9.67   4.972 050
070225 105254.000,4604.9601,N,01312.9380,E,0.28,291.52#CT    0.11  19.765   0.002   0.010   105.99     9.67   4.973 051
070225 105255.000,4604.9601,N,01312.9377,E,0.32,291.52#CT    0.11  19.765   0.002   0.010   105.99     9.67   4.973 051
070225 105255.000,4604.9601,N,01312.9377,E,0.32,291.52#CT    0.11  19.765   0.002   0.010   105.99     9.67   4.973 051
070225 105256.000,4604.9602,N,01312.9374,E,0.57,291.52#CT    0.11  19.765   0.002   0.010   105.99     9.67   4.973 051
070225 105256.000,4604.9602,N,01312.9374,E,0.57,291.52#CT    0.11  19.766   0.002   0.010   105.99     9.67   4.973 048
070225 105257.000,4604.9603,N,01312.9374,E,0.51,291.52#CT    0.11  19.766   0.002   0.010   106.03     9.67   4.973 048
070225 105257.000,4604.9603,N,01312.9374,E,0.51,291.52#CT    0.11  19.765   0.002   0.010   106.03     9.67   4.973 051
070225 105258.000,4604.9606,N,01312.9378,E,0.54,291.52#CT    0.11  19.766   0.002   0.010   106.03     9.67   4.973 048
070225 105258.000,4604.9606,N,01312.9378,E,0.54,291.52#CT    0.11  19.767   0.002   0.010   106.03     9.67   4.973 049
070225 105259.000,4604.9607,N,01312.9379,E,0.20,291.52#CT    0.11  19.767   0.002   0.010   106.03     9.67   4.974 054
070225 105259.000,4604.9607,N,01312.9379,E,0.20,291.52#CT    0.11  19.768   0.002   0.010   105.93     9.66   4.974 050
070225 105300.000,4604.9609,N,01312.9378,E,0.53,291.52#CT    0.11  19.768   0.002   0.010   105.93     9.66   4.974 050
070225 105300.000,4604.9609,N,01312.9378,E,0.53,291.52#CT    0.11  19.769   0.002   0.010   105.93     9.66   4.974 051
070225 105301.000,4604.9609,N,01312.9379,E,0.17,291.52#CT    0.11  19.768   0.002   0.010   105.93     9.66   4.974 050
070225 105301.000,4604.9609,N,01312.9379,E,0.17,291.52#CT    0.11  19.769   0.002   0.010   105.93     9.66   4.974 051
070225 105302.000,4604.9610,N,01312.9383,E,0.85,101.11#CT    0.11  19.769   0.002   0.010   106.01     9.67   4.974 058
070225 105302.000,4604.9610,N,01312.9383,E,0.85,101.11#CT    0.11  19.769   0.002   0.010   106.01     9.67   4.974 058
070225 105303.000,4604.9607,N,01312.9380,E,0.60,152.83#CT    0.11  19.769   0.002   0.010   106.01     9.67   4.974 058
070225 105303.000,4604.9607,N,01312.9380,E,0.60,152.83#CT    0.11  19.769   0.002   0.010   106.01     9.67   4.975 059
070225 105304.000,4604.9607,N,01312.9384,E,0.39,152.83#CT    0.11  19.770   0.002   0.010   106.01     9.67   4.975 051
070225 105305.000,4604.9607,N,01312.9383,E,0.37,152.83#CT    0.11  19.771   0.002   0.010   105.99     9.66   4.975 049
070225 105305.000,4604.9607,N,01312.9383,E,0.37,152.83#CT    0.11  19.771   0.002   0.010   105.99     9.66   4.975 049
070225 105305.000,4604.9607,N,01312.9383,E,0.37,152.83#CT    0.11  19.771   0.002   0.010   105.99     9.66   4.975 049
070225 105306.000,4604.9607,N,01312.9383,E,0.16,152.83#CT    0.11  19.771   0.002   0.010   105.99     9.66   4.975 049
070225 105306.000,4604.9607,N,01312.9383,E,0.16,152.83#CT    0.11  19.771   0.002   0.010   105.99     9.66   4.975 049
070225 105307.000,4604.9608,N,01312.9381,E,0.52,152.83#CT    0.11  19.772   0.002   0.010   105.89     9.66   4.975 051
070225 105308.000,4604.9608,N,01312.9379,E,0.45,152.83#CT    0.11  19.772   0.002   0.010   105.89     9.66   4.976 048
070225 105308.000,4604.9608,N,01312.9379,E,0.45,152.83#CT    0.11  19.771   0.002   0.010   105.89     9.66   4.976 051
070225 105309.000,4604.9607,N,01312.9378,E,0.52,197.76#CT    0.11  19.772   0.002   0.010   105.89     9.66   4.976 048
070225 105309.000,4604.9607,N,01312.9378,E,0.52,197.76#CT    0.11  19.772   0.002   0.010   105.89     9.66   4.976 048
070225 105310.000,4604.9607,N,01312.9380,E,0.49,197.76#CT    0.11  19.773   0.002   0.010   106.01     9.67   4.976 051
070225 105310.000,4604.9607,N,01312.9380,E,0.49,197.76#CT    0.11  19.773   0.002   0.010   106.01     9.67   4.976 051
070225 105311.000,4604.9605,N,01312.9378,E,0.67,195.02#CT    0.11  19.773   0.002   0.010   106.01     9.67   4.976 051
070225 105311.000,4604.9605,N,01312.9378,E,0.67,195.02#CT    0.11  19.774   0.002   0.010   106.01     9.67   4.977 053
070225 105312.000,4604.9605,N,01312.9379,E,0.51,195.02#CT    0.11  19.774   0.002   0.010   106.01     9.67   4.977 053
070225 105312.000,4604.9605,N,01312.9379,E,0.51,195.02#CT    0.11  19.774   0.002   0.010   105.89     9.66   4.977 055
070225 105313.000,4604.9604,N,01312.9379,E,0.57,208.99#CT    0.11  19.773   0.002   0.010   105.89     9.66   4.977 048
070225 105313.000,4604.9604,N,01312.9379,E,0.57,208.99#CT    0.11  19.773   0.002   0.010   105.89     9.66   4.977 048
070225 105314.000,4604.9603,N,01312.9380,E,0.61,213.24#CT    0.11  19.773   0.002   0.010   105.89     9.66   4.977 048
070225 105314.000,4604.9603,N,01312.9380,E,0.61,213.24#CT    0.11  19.773   0.002   0.010   105.89     9.66   4.977 048
070225 105315.000,4604.9600,N,01312.9376,E,1.03,218.11#CT    0.11  19.772   0.002   0.010   105.90     9.66   4.977 057
070225 105315.000,4604.9600,N,01312.9376,E,1.03,218.11#CT    0.11  19.772   0.002   0.010   105.90     9.66   4.978 054
070225 105316.000,4604.9597,N,01312.9374,E,1.01,209.35#CT    0.11  19.772   0.002   0.010   105.90     9.66   4.978 054
070225 105316.000,4604.9597,N,01312.9374,E,1.01,209.35#CT    0.11  19.771   0.002   0.010   105.90     9.66   4.978 053
070225 105317.000,4604.9597,N,01312.9374,E,0.64,215.14#CT    0.11  19.770   0.002   0.010   105.90     9.66   4.978 052
070225 105317.000,4604.9597,N,01312.9374,E,0.64,215.14#CT    0.11  19.770   0.002   0.010   106.05     9.67   4.978 058
070225 105318.000,4604.9599,N,01312.9375,E,0.38,215.14#CT    0.11  19.769   0.002   0.010   106.05     9.67   4.978 050
070225 105318.000,4604.9599,N,01312.9375,E,0.38,215.14#CT    0.11  19.768   0.002   0.010   106.05     9.67   4.978 051
070225 105319.000,4604.9599,N,01312.9374,E,0.35,215.14#CT    0.11  19.766   0.002   0.010   106.05     9.67   4.978 061
070225 105319.000,4604.9599,N,01312.9374,E,0.35,215.14#CT    0.11  19.766   0.002   0.010   106.05     9.67   4.979 060
070225 105320.000,4604.9601,N,01312.9376,E,0.06,215.14#CT    0.11  19.766   0.002   0.010   106.02     9.67   4.979 059
070225 105320.000,4604.9601,N,01312.9376,E,0.06,215.14#CT    0.11  19.766   0.002   0.010   106.02     9.67   4.979 059
070225 105321.000,4604.9603,N,01312.9378,E,0.12,215.14#CT    0.11  19.766   0.002   0.010   106.02     9.67   4.979 059
070225 105321.000,4604.9603,N,01312.9378,E,0.12,215.14#CT    0.11  19.766   0.002   0.010   106.02     9.67   4.979 059
070225 105322.000,4604.9602,N,01312.9378,E,0.43,215.14#CT    0.11  19.766   0.002   0.010   106.02     9.67   4.979 059
070225 105322.000,4604.9602,N,01312.9378,E,0.43,215.14#CT    0.11  19.765   0.002   0.010   105.80     9.65   4.979 051
070225 105323.000,4604.9601,N,01312.9372,E,1.08,231.96#CT    0.11  19.764   0.002   0.010   105.80     9.65   4.980 052
070225 105323.000,4604.9601,N,01312.9372,E,1.08,231.96#CT    0.11  19.764   0.002   0.010   105.80     9.65   4.980 052
070225 105324.000,4604.9599,N,01312.9369,E,1.09,213.05#CT    0.11  19.762   0.002   0.010   105.80     9.65   4.980 050
070225 105324.000,4604.9599,N,01312.9369,E,1.09,213.05#CT    0.11  19.763   0.002   0.010   105.80     9.65   4.980 051
070225 105325.000,4604.9598,N,01312.9366,E,1.17,257.01#CT    0.11  19.762   0.002   0.010   105.85     9.65   4.980 055
070225 105325.000,4604.9598,N,01312.9366,E,1.17,257.01#CT    0.11  19.762   0.002   0.010   105.85     9.65   4.980 055
070225 105326.000,4604.9596,N,01312.9361,E,1.18,243.11#CT    0.11  19.761   0.002   0.010   105.85     9.65   4.980 052
070225 105326.000,4604.9596,N,01312.9361,E,1.18,243.11#CT    0.11  19.761   0.002   0.010   105.85     9.65   4.980 052
070225 105327.000,4604.9596,N,01312.9360,E,0.91,262.91#CT    0.11  19.761   0.002   0.010   105.85     9.65   4.980 052
070225 105327.000,4604.9596,N,01312.9360,E,0.91,262.91#CT    0.11  19.760   0.002   0.010   105.86     9.65   4.980 054
070225 105328.000,4604.9593,N,01312.9354,E,0.87,253.96#CT    0.11  19.760   0.002   0.010   105.86     9.65   4.981 055
070225 105328.000,4604.9593,N,01312.9354,E,0.87,253.96#CT    0.11  19.760   0.002   0.010   105.86     9.65   4.981 055
070225 105329.000,4604.9594,N,01312.9351,E,0.75,345.46#CT    0.11  19.760   0.002   0.010   105.86     9.65   4.981 055
070225 105329.000,4604.9594,N,01312.9351,E,0.75,345.46#CT    0.11  19.760   0.002   0.010   105.86     9.65   4.981 055
070225 105330.000,4604.9594,N,01312.9352,E,0.40,345.46#CT    0.11  19.760   0.002   0.010   105.83     9.65   4.981 050
070225 105330.000,4604.9594,N,01312.9352,E,0.40,345.46#CT    0.11  19.760   0.002   0.010   105.83     9.65   4.981 050
070225 105331.000,4604.9593,N,01312.9349,E,0.28,345.46#CT    0.11  19.760   0.002   0.010   105.83     9.65   4.981 050
070225 105331.000,4604.9593,N,01312.9349,E,0.28,345.46#CT    0.11  19.760   0.002   0.010   105.83     9.65   4.981 050
070225 105332.000,4604.9589,N,01312.9342,E,0.40,345.46#CT    0.11  19.761   0.002   0.010   105.83     9.65   4.981 051
070225 105333.000,4604.9587,N,01312.9339,E,0.37,345.46#CT    0.11  19.761   0.002   0.010   106.03     9.67   4.981 058
070225 105333.000,4604.9587,N,01312.9339,E,0.37,345.46#CT    0.11  19.760   0.002   0.010   106.03     9.67   4.981 059
070225 105333.000,4604.9587,N,01312.9339,E,0.37,345.46#CT    0.11  19.761   0.002   0.010   106.03     9.67   4.981 058
070225 105334.000,4604.9586,N,01312.9338,E,0.72,359.99#CT    0.11  19.761   0.002   0.010   106.03     9.67   4.982 057
070225 105334.000,4604.9586,N,01312.9338,E,0.72,359.99#CT    0.11  19.761   0.002   0.010   106.03     9.67   4.983 056
070225 105335.000,4604.9583,N,01312.9333,E,0.61,276.55#CT    0.11  19.761   0.002   0.010   105.92     9.66   4.985 052
070225 105335.000,4604.9583,N,01312.9333,E,0.61,276.55#CT    0.11  19.762   0.002   0.010   105.92     9.66   4.985 055
070225 105336.000,4604.9580,N,01312.9330,E,0.87,232.07#CT    0.11  19.762   0.002   0.010   105.92     9.66   4.985 055
070225 105336.000,4604.9580,N,01312.9330,E,0.87,232.07#CT    0.11  19.762   0.002   0.010   105.92     9.66   4.984 054
070225 105337.000,4604.9580,N,01312.9328,E,0.59,268.28#CT    0.11  19.763   0.002   0.010   105.92     9.66   4.984 055
070225 105338.000,4604.9576,N,01312.9323,E,1.34,217.07#CT    0.11  19.764   0.002   0.010   106.06     9.67   4.984 063
070225 105338.000,4604.9576,N,01312.9323,E,1.34,217.07#CT    0.11  19.764   0.002   0.010   106.06     9.67   4.984 063
070225 105339.000,4604.9570,N,01312.9314,E,1.34,227.82#CT    0.11  19.764   0.002   0.010   106.06     9.67   4.984 063
070225 105339.000,4604.9570,N,01312.9314,E,1.34,227.82#CT    0.11  19.764   0.002   0.010   106.06     9.67   4.984 063
070225 105340.000,4604.9566,N,01312.9307,E,1.27,238.05#CT    0.11  19.763   0.002   0.010   106.06     9.67   4.984 056
070225 105340.000,4604.9566,N,01312.9307,E,1.27,238.05#CT    0.11  19.764   0.002   0.010   105.89     9.66   4.984 058
070225 105341.000,4604.9561,N,01312.9299,E,1.22,225.60#CT    0.11  19.764   0.002   0.010   105.89     9.66   4.984 058
070225 105342.000,4604.9559,N,01312.9296,E,0.42,225.60#CT    0.11  19.765   0.002   0.010   105.89     9.66   4.984 059
070225 105342.000,4604.9559,N,01312.9296,E,0.42,225.60#CT    0.11  19.766   0.002   0.010   105.89     9.66   4.984 056
070225 105342.000,4604.9559,N,01312.9296,E,0.42,225.60#CT    0.11  19.767   0.002   0.010   105.89     9.66   4.984 057
070225 105343.000,4604.9555,N,01312.9287,E,0.45,225.60#CT    0.11  19.767   0.002   0.010   106.02     9.67   4.984 056
070225 105344.000,4604.9551,N,01312.9283,E,0.42,225.60#CT    0.11  19.768   0.002   0.010   106.02     9.67   4.984 055
070225 105344.000,4604.9551,N,01312.9283,E,0.42,225.60#CT    0.11  19.767   0.002   0.010   106.02     9.67   4.984 056
070225 105344.000,4604.9551,N,01312.9283,E,0.42,225.60#CT    0.11  19.768   0.002   0.010   106.02     9.67   4.984 055
070225 105344.000,4604.9551,N,01312.9283,E,0.42,225.60#CT    0.11  19.768   0.002   0.010   106.02     9.67   4.984 055
070225 105345.000,4604.9549,N,01312.9277,E,0.60,307.71#CT    0.11  19.768   0.002   0.010   105.94     9.66   4.984 058
070225 105345.000,4604.9549,N,01312.9277,E,0.60,307.71#CT    0.11  19.769   0.002   0.010   105.94     9.66   4.984 059
070225 105345.000,4604.9549,N,01312.9277,E,0.60,307.71#CT    0.11  19.769   0.002   0.010   105.94     9.66   4.985 058
070225 105347.000,4604.9544,N,01312.9268,E,0.20,307.71#CT    0.11  19.769   0.002   0.010   105.94     9.66   4.985 058
070225 105347.000,4604.9544,N,01312.9268,E,0.20,307.71#CT    0.11  19.768   0.002   0.010   105.94     9.66   4.985 059
070225 105348.000,4604.9541,N,01312.9258,E,0.56,307.71#CT    0.11  19.769   0.002   0.010   106.02     9.67   4.985 055
070225 105348.000,4604.9541,N,01312.9258,E,0.56,307.71#CT    0.11  19.770   0.002   0.010   106.02     9.67   4.985 063
070225 105349.000,4604.9534,N,01312.9251,E,0.87,241.53#CT    0.11  19.770   0.002   0.010   106.02     9.67   4.985 063
070225 105349.000,4604.9534,N,01312.9251,E,0.87,241.53#CT    0.11  19.771   0.002   0.010   106.02     9.67   4.985 062
070225 105350.000,4604.9531,N,01312.9244,E,0.57,241.53#CT    0.11  19.770   0.002   0.010   106.02     9.67   4.985 063
070225 105350.000,4604.9531,N,01312.9244,E,0.57,241.53#CT    0.11  19.770   0.002   0.010   105.98     9.66   4.985 062
070225 105351.000,4604.9527,N,01312.9238,E,0.92,241.53#CT    0.11  19.770   0.002   0.010   105.98     9.66   4.985 062
070225 105351.000,4604.9527,N,01312.9238,E,0.92,241.53#CT    0.11  19.771   0.002   0.010   105.98     9.66   4.985 063
070225 105352.000,4604.9525,N,01312.9237,E,0.54,241.53#CT    0.11  19.770   0.002   0.010   105.98     9.66   4.985 062
070225 105352.000,4604.9525,N,01312.9237,E,0.54,241.53#CT    0.11  19.771   0.002   0.010   105.98     9.66   4.985 063
070225 105353.000,4604.9522,N,01312.9236,E,0.59,241.53#CT    0.11  19.771   0.002   0.010   106.09     9.67   4.985 053
070225 105353.000,4604.9522,N,01312.9236,E,0.59,241.53#CT    0.11  19.771   0.002   0.010   106.09     9.67   4.986 054
070225 105354.000,4604.9520,N,01312.9233,E,0.67,241.53#CT    0.11  19.770   0.002   0.010   106.09     9.67   4.986 055
070225 105354.000,4604.9520,N,01312.9233,E,0.67,241.53#CT    0.11  19.769   0.002   0.010   106.09     9.67   4.986 063
070225 105355.000,4604.9517,N,01312.9226,E,0.68,241.53#CT    0.11  19.768   0.002   0.010   106.09     9.67   4.986 062
070225 105355.000,4604.9517,N,01312.9226,E,0.68,241.53#CT    0.11  19.769   0.002   0.010   106.04     9.67   4.986 050
070225 105356.000,4604.9516,N,01312.9221,E,0.61,241.53#CT    0.11  19.769   0.002   0.010   106.04     9.67   4.986 050
070225 105356.000,4604.9516,N,01312.9221,E,0.61,241.53#CT    0.11  19.769   0.002   0.010   106.04     9.67   4.986 050
