050225 150925.000,4604.9593,N,01312.9291,E,0.62,56.19#CT    0.11  20.417   0.002   0.010   106.30     7.85   5.967 057
050225 150925.000,4604.9593,N,01312.9291,E,0.62,56.19#CT    0.11  20.420   0.002   0.010   106.30     7.85   5.968 050
050225 150926.000,4604.9591,N,01312.9293,E,0.55,56.19#CT    0.11  20.423   0.002   0.010   106.30     7.85   5.968 049
050225 150926.000,4604.9591,N,01312.9293,E,0.55,56.19#CT    0.11  20.425   0.002   0.010   106.30     7.85   5.968 055
050225 150927.000,4604.9588,N,01312.9297,E,0.60,67.56#CT    0.11  20.427   0.002   0.010   106.30     7.85   5.967 058
050225 150927.000,4604.9588,N,01312.9297,E,0.60,67.56#CT    0.11  20.428   0.002   0.010   105.87     9.53   5.966 062
050225 150928.000,4604.9585,N,01312.9297,E,0.16,67.56#CT    0.11  20.428   0.002   0.010   105.87     9.53   5.966 062
050225 150928.000,4604.9585,N,01312.9297,E,0.16,67.56#CT    0.11  20.429   0.002   0.010   105.87     9.53   5.965 060
050225 150929.000,4604.9583,N,01312.9298,E,0.09,67.56#CT    0.11  20.429   0.002   0.010   105.87     9.53   5.965 060
050225 150929.000,4604.9583,N,01312.9298,E,0.09,67.56#CT    0.11  20.429   0.002   0.010   105.87     9.53   5.964 061
050225 150930.000,4604.9584,N,01312.9297,E,0.67,28.73#CT    0.11  20.431   0.002   0.010   105.83     9.52   5.964 049
050225 150930.000,4604.9584,N,01312.9297,E,0.67,28.73#CT    0.11  20.431   0.002   0.010   105.83     9.52   5.963 054
050225 150931.000,4604.9581,N,01312.9295,E,0.08,28.73#CT    0.11  20.432   0.002   0.010   105.83     9.52   5.963 053
050225 150931.000,4604.9581,N,01312.9295,E,0.08,28.73#CT    0.11  20.433   0.002   0.010   105.83     9.52   5.962 053
050225 150932.000,4604.9579,N,01312.9290,E,0.64,244.91#CT    0.11  20.434   0.002   0.010   105.83     9.52   5.962 050
050225 150932.000,4604.9579,N,01312.9290,E,0.64,244.91#CT    0.11  20.434   0.002   0.010   105.81     9.52   5.962 048
050225 150933.000,4604.9580,N,01312.9286,E,0.59,244.91#CT    0.11  20.434   0.002   0.010   105.81     9.52   5.961 051
050225 150933.000,4604.9580,N,01312.9286,E,0.59,244.91#CT    0.11  20.435   0.002   0.010   105.81     9.52   5.961 050
050225 150934.000,4604.9580,N,01312.9285,E,0.27,244.91#CT    0.11  20.435   0.002   0.010   105.81     9.52   5.961 050
050225 150934.000,4604.9580,N,01312.9285,E,0.27,244.91#CT    0.11  20.437   0.002   0.010   105.81     9.52   5.961 048
050225 150935.000,4604.9579,N,01312.9284,E,0.26,244.91#CT    0.11  20.437   0.002   0.010   105.83     9.52   5.961 050
050225 150935.000,4604.9579,N,01312.9284,E,0.26,244.91#CT    0.11  20.438   0.002   0.010   105.83     9.52   5.961 061
050225 150936.000,4604.9579,N,01312.9286,E,0.67,79.29#CT    0.11  20.439   0.002   0.010   105.83     9.52   5.961 060
050225 150936.000,4604.9579,N,01312.9286,E,0.67,79.29#CT    0.11  20.439   0.002   0.010   105.83     9.52   5.961 060
050225 150937.000,4604.9575,N,01312.9288,E,1.29,168.30#CT    0.11  20.440   0.002   0.010   105.83     9.52   5.961 050
050225 150937.000,4604.9575,N,01312.9288,E,1.29,168.30#CT    0.11  20.440   0.002   0.010   105.90     9.53   5.960 048
050225 150938.000,4604.9571,N,01312.9290,E,1.03,175.58#CT    0.11  20.441   0.002   0.010   105.90     9.53   5.959 059
050225 150938.000,4604.9571,N,01312.9290,E,1.03,175.58#CT    0.11  20.441   0.002   0.010   105.90     9.53   5.958 058
050225 150939.000,4604.9571,N,01312.9287,E,0.64,262.01#CT    0.11  20.442   0.002   0.010   105.90     9.53   5.958 057
050225 150939.000,4604.9571,N,01312.9287,E,0.64,262.01#CT    0.11  20.442   0.002   0.010   105.90     9.53   5.957 054
050225 150940.000,4604.9571,N,01312.9288,E,0.32,262.01#CT    0.11  20.443   0.002   0.010   105.76     9.52   5.957 062
050225 150940.000,4604.9571,N,01312.9288,E,0.32,262.01#CT    0.11  20.443   0.002   0.010   105.76     9.52   5.956 063
050225 150941.000,4604.9571,N,01312.9289,E,0.35,262.01#CT    0.11  20.444   0.002   0.010   105.76     9.52   5.956 056
050225 150941.000,4604.9571,N,01312.9289,E,0.35,262.01#CT    0.11  20.443   0.002   0.010   105.76     9.52   5.956 063
050225 150942.000,4604.9569,N,01312.9292,E,0.40,262.01#CT    0.11  20.444   0.002   0.010   105.76     9.52   5.955 059
050225 150943.000,4604.9566,N,01312.9296,E,1.04,119.44#CT    0.11  20.445   0.002   0.010   105.91     9.53   5.955 050
050225 150943.000,4604.9566,N,01312.9296,E,1.04,119.44#CT    0.11  20.445   0.002   0.010   105.91     9.53   5.955 050
050225 150943.000,4604.9566,N,01312.9296,E,1.04,119.44#CT    0.11  20.445   0.002   0.010   105.91     9.53   5.954 051
050225 150944.000,4604.9566,N,01312.9295,E,0.09,119.44#CT    0.11  20.445   0.002   0.010   105.91     9.53   5.954 051
050225 150944.000,4604.9566,N,01312.9295,E,0.09,119.44#CT    0.11  20.446   0.002   0.010   105.91     9.53   5.954 048
050225 150945.000,4604.9563,N,01312.9297,E,0.56,119.44#CT    0.11  20.446   0.002   0.010   105.93     9.53   5.954 050
050225 150945.000,4604.9563,N,01312.9297,E,0.56,119.44#CT    0.11  20.447   0.002   0.010   105.93     9.53   5.953 052
050225 150946.000,4604.9558,N,01312.9293,E,1.09,236.36#CT    0.11  20.447   0.002   0.010   105.93     9.53   5.953 052
050225 150946.000,4604.9558,N,01312.9293,E,1.09,236.36#CT    0.11  20.447   0.002   0.010   105.93     9.53   5.953 052
050225 150947.000,4604.9563,N,01312.9299,E,0.35,236.36#CT    0.11  20.447   0.002   0.010   105.93     9.53   5.952 053
050225 150948.000,4604.9562,N,01312.9297,E,0.61,211.22#CT    0.11  20.447   0.002   0.010   105.88     9.53   5.952 063
050225 150948.000,4604.9562,N,01312.9297,E,0.61,211.22#CT    0.11  20.447   0.002   0.010   105.88     9.53   5.952 063
050225 150949.000,4604.9563,N,01312.9296,E,0.45,211.22#CT    0.11  20.446   0.002   0.010   105.88     9.53   5.951 061
050225 150949.000,4604.9563,N,01312.9296,E,0.45,211.22#CT    0.11  20.446   0.002   0.010   105.88     9.53   5.951 061
050225 150950.000,4604.9561,N,01312.9294,E,0.62,229.03#CT    0.11  20.445   0.002   0.010   105.88     9.53   5.950 063
050225 150950.000,4604.9561,N,01312.9294,E,0.62,229.03#CT    0.11  20.444   0.002   0.010   105.87     9.52   5.950 048
050225 150951.000,4604.9561,N,01312.9291,E,0.72,261.19#CT    0.11  20.444   0.002   0.010   105.87     9.52   5.950 048
050225 150951.000,4604.9561,N,01312.9291,E,0.72,261.19#CT    0.11  20.443   0.002   0.010   105.87     9.52   5.950 055
050225 150952.000,4604.9561,N,01312.9292,E,0.76,70.08#CT    0.11  20.442   0.002   0.010   105.87     9.52   5.950 054
050225 150952.000,4604.9561,N,01312.9292,E,0.76,70.08#CT    0.11  20.441   0.002   0.010   105.87     9.52   5.949 061
050225 150953.000,4604.9559,N,01312.9291,E,0.29,70.08#CT    0.11  20.438   0.002   0.010   105.89     9.53   5.949 060
050225 150953.000,4604.9559,N,01312.9291,E,0.29,70.08#CT    0.11  20.437   0.002   0.010   105.89     9.53   5.949 051
050225 150954.000,4604.9556,N,01312.9287,E,0.91,227.05#CT    0.11  20.435   0.002   0.010   105.89     9.53   5.949 049
050225 150954.000,4604.9556,N,01312.9287,E,0.91,227.05#CT    0.11  20.433   0.002   0.010   105.89     9.53   5.949 055
050225 150955.000,4604.9558,N,01312.9285,E,0.33,227.05#CT    0.11  20.432   0.002   0.010   105.89     9.53   5.948 055
050225 150955.000,4604.9558,N,01312.9285,E,0.33,227.05#CT    0.11  20.430   0.002   0.010   105.80     9.52   5.948 061
050225 150956.000,4604.9556,N,01312.9289,E,0.73,91.78#CT    0.11  20.428   0.002   0.010   105.80     9.52   5.948 052
050225 150956.000,4604.9556,N,01312.9289,E,0.73,91.78#CT    0.11  20.427   0.002   0.010   105.80     9.52   5.947 052
050225 150957.000,4604.9558,N,01312.9284,E,0.62,311.97#CT    0.11  20.426   0.002   0.010   105.80     9.52   5.947 053
050225 150957.000,4604.9558,N,01312.9284,E,0.62,311.97#CT    0.11  20.424   0.002   0.010   105.80     9.52   5.947 055
050225 150958.000,4604.9558,N,01312.9277,E,1.08,283.35#CT    0.11  20.423   0.002   0.010   105.86     9.53   5.947 055
050225 150958.000,4604.9558,N,01312.9277,E,1.08,283.35#CT    0.11  20.422   0.002   0.010   105.86     9.53   5.946 055
050225 150959.000,4604.9562,N,01312.9269,E,1.88,301.35#CT    0.11  20.421   0.002   0.010   105.86     9.53   5.946 052
050225 150959.000,4604.9562,N,01312.9269,E,1.88,301.35#CT    0.11  20.421   0.002   0.010   105.86     9.53   5.946 052
050225 151000.000,4604.9558,N,01312.9264,E,1.40,270.51#CT    0.11  20.419   0.002   0.010   105.86     9.53   5.946 063
050225 151000.000,4604.9558,N,01312.9264,E,1.40,270.51#CT    0.11  20.418   0.002   0.010   105.95     9.54   5.945 056
050225 151001.000,4604.9557,N,01312.9267,E,0.39,270.51#CT    0.11  20.417   0.002   0.010   105.95     9.54   5.945 055
050225 151001.000,4604.9557,N,01312.9267,E,0.39,270.51#CT    0.11  20.416   0.002   0.010   105.95     9.54   5.945 054
050225 151002.000,4604.9557,N,01312.9270,E,0.66,62.70#CT    0.11  20.417   0.002   0.010   105.95     9.54   5.945 055
050225 151002.000,4604.9557,N,01312.9270,E,0.66,62.70#CT    0.11  20.416   0.002   0.010   105.95     9.54   5.944 055
050225 151003.000,4604.9550,N,01312.9270,E,1.03,161.72#CT    0.11  20.416   0.002   0.010   105.90     9.53   5.944 053
050225 151003.000,4604.9550,N,01312.9270,E,1.03,161.72#CT    0.11  20.416   0.002   0.010   105.90     9.53   5.944 053
050225 151004.000,4604.9550,N,01312.9266,E,0.78,245.48#CT    0.11  20.416   0.002   0.010   105.90     9.53   5.944 053
050225 151004.000,4604.9550,N,01312.9266,E,0.78,245.48#CT    0.11  20.416   0.002   0.010   105.90     9.53   5.944 053
050225 151005.000,4604.9549,N,01312.9263,E,0.76,265.84#CT    0.11  20.415   0.002   0.010   105.90     9.53   5.943 049
050225 151005.000,4604.9549,N,01312.9263,E,0.76,265.84#CT    0.11  20.415   0.002   0.010   105.84     9.53   5.943 052
050225 151006.000,4604.9541,N,01312.9264,E,1.26,175.79#CT    0.11  20.416   0.002   0.010   105.84     9.53   5.943 055
050225 151006.000,4604.9541,N,01312.9264,E,1.26,175.79#CT    0.11  20.415   0.002   0.010   105.84     9.53   5.943 052
050225 151007.000,4604.9530,N,01312.9261,E,2.48,175.79#CT    0.11  20.415   0.002   0.010   105.84     9.53   5.942 053
050225 151007.000,4604.9530,N,01312.9261,E,2.48,175.79#CT    0.11  20.415   0.002   0.010   105.84     9.53   5.942 053
050225 151008.000,4604.9525,N,01312.9267,E,0.13,175.79#CT    0.11  20.415   0.002   0.010   105.91     9.53   5.942 049
050225 151008.000,4604.9525,N,01312.9267,E,0.13,175.79#CT    0.11  20.416   0.002   0.010   105.91     9.53   5.942 050
050225 151009.000,4604.9517,N,01312.9269,E,0.16,175.79#CT    0.11  20.416   0.002   0.010   105.91     9.53   5.942 050
050225 151009.000,4604.9517,N,01312.9269,E,0.16,175.79#CT    0.11  20.416   0.002   0.010   105.91     9.53   5.941 049
050225 151010.000,4604.9506,N,01312.9275,E,0.21,175.79#CT    0.11  20.417   0.002   0.010   105.91     9.53   5.941 048
050225 151010.000,4604.9506,N,01312.9275,E,0.21,175.79#CT    0.11  20.417   0.002   0.010   105.90     9.53   5.941 049
050225 151011.000,4604.9501,N,01312.9273,E,0.21,175.79#CT    0.11  20.416   0.002   0.010   105.90     9.53   5.941 048
050225 151011.000,4604.9501,N,01312.9273,E,0.21,175.79#CT    0.11  20.416   0.002   0.010   105.90     9.53   5.940 049
050225 151012.000,4604.9500,N,01312.9273,E,0.09,175.79#CT    0.11  20.416   0.002   0.010   105.90     9.53   5.940 049
050225 151012.000,4604.9500,N,01312.9273,E,0.09,175.79#CT    0.11  20.415   0.002   0.010   105.90     9.53   5.940 050
050225 151013.000,4604.9503,N,01312.9273,E,0.10,175.79#CT    0.11  20.416   0.002   0.010   105.91     9.53   5.940 048
050225 151013.000,4604.9503,N,01312.9273,E,0.10,175.79#CT    0.11  20.416   0.002   0.010   105.91     9.53   5.940 048
050225 151014.000,4604.9500,N,01312.9276,E,0.10,175.79#CT    0.11  20.416   0.002   0.010   105.91     9.53   5.939 062
050225 151014.000,4604.9500,N,01312.9276,E,0.10,175.79#CT    0.11  20.415   0.002   0.010   105.91     9.53   5.939 061
050225 151015.000,4604.9501,N,01312.9274,E,0.02,175.79#CT    0.11  20.415   0.002   0.010   105.91     9.53   5.939 061
050225 151016.000,4604.9499,N,01312.9273,E,0.02,175.79#CT    0.11  20.415   0.002   0.010   106.01     9.54   5.939 048
050225 151016.000,4604.9499,N,01312.9273,E,0.02,175.79#CT    0.11  20.415   0.002   0.010   106.01     9.54   5.939 048
050225 151016.000,4604.9499,N,01312.9273,E,0.02,175.79#CT    0.11  20.415   0.002   0.010   106.01     9.54   5.938 049
050225 151017.000,4604.9501,N,01312.9276,E,0.07,175.79#CT    0.11  20.415   0.002   0.010   106.01     9.54   5.938 049
050225 151018.000,4604.9503,N,01312.9275,E,0.07,175.79#CT    0.11  20.415   0.002   0.010   106.01     9.54   5.938 049
050225 151018.000,4604.9503,N,01312.9275,E,0.07,175.79#CT    0.11  20.414   0.002   0.010   105.90     9.53   5.938 060
050225 151019.000,4604.9510,N,01312.9272,E,0.18,175.79#CT    0.11  20.415   0.002   0.010   105.90     9.53   5.938 061
050225 151019.000,4604.9510,N,01312.9272,E,0.18,175.79#CT    0.11  20.416   0.002   0.010   105.90     9.53   5.938 062
050225 151020.000,4604.9511,N,01312.9265,E,0.15,175.79#CT    0.11  20.416   0.002   0.010   105.90     9.53   5.938 062
050225 151020.000,4604.9511,N,01312.9265,E,0.15,175.79#CT    0.11  20.416   0.002   0.010   105.90     9.53   5.937 049
050225 151021.000,4604.9507,N,01312.9263,E,0.08,175.79#CT    0.11  20.417   0.002   0.010   105.85     9.53   5.937 052
050225 151021.000,4604.9507,N,01312.9263,E,0.08,175.79#CT    0.11  20.417   0.002   0.010   105.85     9.53   5.937 052
050225 151022.000,4604.9503,N,01312.9263,E,0.08,175.79#CT    0.11  20.417   0.002   0.010   105.85     9.53   5.937 052
050225 151022.000,4604.9503,N,01312.9263,E,0.08,175.79#CT    0.11  20.418   0.002   0.010   105.85     9.53   5.937 059
050225 151023.000,4604.9502,N,01312.9268,E,0.09,175.79#CT    0.11  20.419   0.002   0.010   105.85     9.53   5.937 058
050225 151023.000,4604.9502,N,01312.9268,E,0.09,175.79#CT    0.11  20.419   0.002   0.010   105.78     9.52   5.937 057
050225 151024.000,4604.9515,N,01312.9258,E,0.21,175.79#CT    0.11  20.419   0.002   0.010   105.78     9.52   5.936 056
050225 151024.000,4604.9515,N,01312.9258,E,0.21,175.79#CT    0.11  20.420   0.002   0.010   105.78     9.52   5.936 050
050225 151025.000,4604.9527,N,01312.9255,E,2.90,175.79#CT    0.11  20.421   0.002   0.010   105.78     9.52   5.936 051
050225 151025.000,4604.9527,N,01312.9255,E,2.90,175.79#CT    0.11  20.421   0.002   0.010   105.78     9.52   5.936 051
050225 151026.000,4604.9533,N,01312.9252,E,1.92,175.79#CT    0.11  20.423   0.002   0.010   105.86     9.53   5.936 049
050225 151026.000,4604.9533,N,01312.9252,E,1.92,175.79#CT    0.11  20.423   0.002   0.010   105.86     9.53   5.936 049
050225 151027.000,4604.9533,N,01312.9246,E,1.50,175.79#CT    0.11  20.423   0.002   0.010   105.86     9.53   5.936 049
050225 151027.000,4604.9533,N,01312.9246,E,1.50,175.79#CT    0.11  20.423   0.002   0.010   105.86     9.53   5.936 049
050225 151028.000,4604.9530,N,01312.9245,E,0.78,175.79#CT    0.11  20.423   0.002   0.010   105.86     9.53   5.936 049
050225 151028.000,4604.9530,N,01312.9245,E,0.78,175.79#CT    0.11  20.424   0.002   0.010   105.93     9.53   5.936 050
050225 151029.000,4604.9526,N,01312.9244,E,1.02,175.79#CT    0.11  20.425   0.002   0.010   105.93     9.53   5.936 051
050225 151029.000,4604.9526,N,01312.9244,E,1.02,175.79#CT    0.11  20.425   0.002   0.010   105.93     9.53   5.936 051
050225 151030.000,4604.9528,N,01312.9238,E,1.57,175.79#CT    0.11  20.425   0.002   0.010   105.93     9.53   5.936 051
050225 151030.000,4604.9528,N,01312.9238,E,1.57,175.79#CT    0.11  20.426   0.002   0.010   105.93     9.53   5.936 048
050225 151031.000,4604.9537,N,01312.9235,E,1.55,175.79#CT    0.11  20.427   0.002   0.010   105.83     9.53   5.936 048
050225 151031.000,4604.9537,N,01312.9235,E,1.55,175.79#CT    0.11  20.427   0.002   0.010   105.83     9.53   5.936 048
050225 151032.000,4604.9536,N,01312.9232,E,0.96,175.79#CT    0.11  20.427   0.002   0.010   105.83     9.53   5.936 048
050225 151032.000,4604.9536,N,01312.9232,E,0.96,175.79#CT    0.11  20.428   0.002   0.010   105.83     9.53   5.935 060
050225 151033.000,4604.9533,N,01312.9228,E,0.99,175.79#CT    0.11  20.430   0.002   0.010   105.83     9.53   5.935 053
