060225 092202.000,4604.9556,N,01312.9330,E,1.26,277.04#CT    0.13  19.241   0.002   0.010   105.34     7.78   6.270 063
060225 092202.000,4604.9556,N,01312.9330,E,1.26,277.04#CT    0.13  19.241   0.002   0.010   105.34     7.78   6.231 058
060225 092203.000,4604.9550,N,01312.9330,E,0.62,273.05#CT    0.13  19.242   0.002   0.010   105.34     7.78   6.205 062
060225 092203.000,4604.9550,N,01312.9330,E,0.62,273.05#CT    0.13  19.243   0.002   0.010   105.34     7.78   6.195 053
060225 092204.000,4604.9547,N,01312.9332,E,0.33,273.05#CT    0.13  19.243   0.002   0.010   105.34     7.78   6.189 056
060225 092204.000,4604.9547,N,01312.9332,E,0.33,273.05#CT    0.13  19.244   0.002   0.010   105.93     9.76   6.183 056
060225 092205.000,4604.9539,N,01312.9338,E,0.28,273.05#CT    0.13  19.244   0.002   0.010   105.93     9.76   6.177 051
060225 092205.000,4604.9539,N,01312.9338,E,0.28,273.05#CT    0.13  19.244   0.002   0.010   105.93     9.76   6.171 053
060225 092206.000,4604.9535,N,01312.9341,E,0.44,273.05#CT    0.13  19.245   0.002   0.010   105.93     9.76   6.165 049
060225 092206.000,4604.9535,N,01312.9341,E,0.44,273.05#CT    0.13  19.245   0.002   0.010   105.93     9.76   6.159 062
060225 092207.000,4604.9527,N,01312.9344,E,0.69,191.98#CT    0.13  19.245   0.002   0.010   106.03     9.77   6.153 063
060225 092207.000,4604.9527,N,01312.9344,E,0.69,191.98#CT    0.13  19.245   0.002   0.010   106.03     9.77   6.147 058
060225 092208.000,4604.9522,N,01312.9349,E,0.44,191.98#CT    0.13  19.245   0.002   0.010   106.03     9.77   6.141 060
060225 092208.000,4604.9522,N,01312.9349,E,0.44,191.98#CT    0.13  19.245   0.002   0.010   106.03     9.77   6.135 063
060225 092209.000,4604.9520,N,01312.9355,E,0.49,191.98#CT    0.13  19.245   0.002   0.010   106.03     9.77   6.129 050
060225 092210.000,4604.9517,N,01312.9360,E,0.44,191.98#CT    0.13  19.245   0.002   0.010   106.06     9.77   6.124 058
060225 092210.000,4604.9517,N,01312.9360,E,0.44,191.98#CT    0.13  19.246   0.002   0.010   106.06     9.77   6.118 054
060225 092210.000,4604.9517,N,01312.9360,E,0.44,191.98#CT    0.13  19.246   0.002   0.010   106.06     9.77   6.112 060
060225 092211.000,4604.9515,N,01312.9365,E,0.58,191.98#CT    0.13  19.246   0.002   0.010   106.06     9.77   6.106 057
060225 092211.000,4604.9515,N,01312.9365,E,0.58,191.98#CT    0.13  19.245   0.002   0.010   106.06     9.77   6.101 061
060225 092212.000,4604.9507,N,01312.9372,E,0.84,139.83#CT    0.13  19.246   0.002   0.010   105.80     9.75   6.095 061
060225 092212.000,4604.9507,N,01312.9372,E,0.84,139.83#CT    0.13  19.246   0.002   0.010   105.80     9.75   6.089 048
060225 092213.000,4604.9505,N,01312.9375,E,0.69,129.66#CT    0.13  19.246   0.002   0.010   105.80     9.75   6.084 061
060225 092213.000,4604.9505,N,01312.9375,E,0.69,129.66#CT    0.13  19.246   0.002   0.010   105.80     9.75   6.078 062
060225 092214.000,4604.9498,N,01312.9379,E,0.65,177.85#CT    0.13  19.246   0.002   0.010   105.80     9.75   6.073 053
060225 092215.000,4604.9500,N,01312.9379,E,0.22,177.85#CT    0.13  19.246   0.002   0.010   106.00     9.77   6.067 057
060225 092215.000,4604.9500,N,01312.9379,E,0.22,177.85#CT    0.13  19.246   0.002   0.010   106.00     9.77   6.061 063
060225 092216.000,4604.9502,N,01312.9384,E,0.93,54.29#CT    0.13  19.246   0.002   0.010   106.00     9.77   6.056 059
060225 092216.000,4604.9502,N,01312.9384,E,0.93,54.29#CT    0.13  19.246   0.002   0.010   106.00     9.77   6.050 061
060225 092217.000,4604.9505,N,01312.9384,E,0.66,67.45#CT    0.13  19.246   0.002   0.010   106.00     9.77   6.045 057
060225 092217.000,4604.9505,N,01312.9384,E,0.66,67.45#CT    0.13  19.246   0.002   0.010   106.00     9.77   6.039 050
060225 092218.000,4604.9506,N,01312.9386,E,0.78,43.02#CT    0.13  19.246   0.002   0.010   106.00     9.77   6.034 063
060225 092218.000,4604.9506,N,01312.9386,E,0.78,43.02#CT    0.13  19.246   0.002   0.010   106.00     9.77   6.029 051
060225 092219.000,4604.9515,N,01312.9389,E,1.45,12.71#CT    0.13  19.246   0.002   0.010   106.00     9.77   6.023 057
060225 092219.000,4604.9515,N,01312.9389,E,1.45,12.71#CT    0.13  19.245   0.002   0.010   106.00     9.77   6.018 050
060225 092220.000,4604.9513,N,01312.9393,E,0.48,12.71#CT    0.13  19.246   0.002   0.010   106.02     9.77   6.012 057
060225 092220.000,4604.9513,N,01312.9393,E,0.48,12.71#CT    0.13  19.245   0.002   0.010   106.02     9.77   6.007 062
060225 092221.000,4604.9510,N,01312.9398,E,0.68,29.04#CT    0.13  19.245   0.002   0.010   106.02     9.77   6.002 059
060225 092221.000,4604.9510,N,01312.9398,E,0.68,29.04#CT    0.13  19.244   0.002   0.010   106.02     9.77   5.997 060
060225 092222.000,4604.9505,N,01312.9403,E,0.37,29.04#CT    0.13  19.244   0.002   0.010   106.02     9.77   5.991 058
060225 092222.000,4604.9505,N,01312.9403,E,0.37,29.04#CT    0.13  19.244   0.002   0.010   105.92     9.76   5.986 055
060225 092223.000,4604.9506,N,01312.9405,E,0.54,29.04#CT    0.13  19.244   0.002   0.010   105.92     9.76   5.981 048
060225 092223.000,4604.9506,N,01312.9405,E,0.54,29.04#CT    0.13  19.244   0.002   0.010   105.92     9.76   5.976 056
060225 092224.000,4604.9505,N,01312.9407,E,0.43,29.04#CT    0.13  19.243   0.002   0.010   105.92     9.76   5.971 056
060225 092224.000,4604.9505,N,01312.9407,E,0.43,29.04#CT    0.13  19.243   0.002   0.010   105.92     9.76   5.965 061
060225 092225.000,4604.9508,N,01312.9410,E,1.03,63.52#CT    0.13  19.243   0.002   0.010   106.06     9.77   5.960 055
060225 092225.000,4604.9508,N,01312.9410,E,1.03,63.52#CT    0.13  19.243   0.002   0.010   106.06     9.77   5.955 049
060225 092226.000,4604.9515,N,01312.9407,E,1.27,354.68#CT    0.13  19.243   0.002   0.010   106.06     9.77   5.950 052
060225 092226.000,4604.9515,N,01312.9407,E,1.27,354.68#CT    0.13  19.243   0.002   0.010   106.06     9.77   5.945 048
060225 092227.000,4604.9517,N,01312.9404,E,0.74,310.87#CT    0.13  19.244   0.002   0.010   106.06     9.77   5.940 050
060225 092227.000,4604.9517,N,01312.9404,E,0.74,310.87#CT    0.13  19.244   0.002   0.010   106.01     9.77   5.935 055
060225 092228.000,4604.9512,N,01312.9406,E,0.55,310.87#CT    0.13  19.243   0.002   0.010   106.01     9.77   5.930 053
060225 092228.000,4604.9512,N,01312.9406,E,0.55,310.87#CT    0.13  19.243   0.002   0.010   106.01     9.77   5.925 049
060225 092229.000,4604.9504,N,01312.9412,E,0.18,310.87#CT    0.13  19.244   0.002   0.010   106.01     9.77   5.920 051
060225 092229.000,4604.9504,N,01312.9412,E,0.18,310.87#CT    0.13  19.244   0.002   0.010   106.01     9.77   5.915 053
060225 092230.000,4604.9505,N,01312.9419,E,0.82,83.47#CT    0.13  19.243   0.002   0.010   105.95     9.76   5.910 056
060225 092230.000,4604.9505,N,01312.9419,E,0.82,83.47#CT    0.13  19.244   0.002   0.010   105.95     9.76   5.906 056
060225 092231.000,4604.9500,N,01312.9423,E,0.13,83.47#CT    0.13  19.244   0.002   0.010   105.95     9.76   5.901 063
060225 092231.000,4604.9500,N,01312.9423,E,0.13,83.47#CT    0.13  19.243   0.002   0.010   105.95     9.76   5.896 055
060225 092232.000,4604.9499,N,01312.9425,E,0.29,83.47#CT    0.13  19.244   0.002   0.010   105.95     9.76   5.891 055
060225 092232.000,4604.9499,N,01312.9425,E,0.29,83.47#CT    0.13  19.244   0.002   0.010   105.91     9.76   5.886 053
060225 092233.000,4604.9493,N,01312.9428,E,0.47,83.47#CT    0.13  19.244   0.002   0.010   105.91     9.76   5.882 049
060225 092233.000,4604.9493,N,01312.9428,E,0.47,83.47#CT    0.13  19.245   0.002   0.010   105.91     9.76   5.877 058
060225 092234.000,4604.9478,N,01312.9434,E,1.38,169.01#CT    0.13  19.245   0.002   0.010   105.91     9.76   5.872 063
060225 092234.000,4604.9478,N,01312.9434,E,1.38,169.01#CT    0.13  19.245   0.002   0.010   105.91     9.76   5.867 059
060225 092235.000,4604.9469,N,01312.9439,E,1.04,152.69#CT    0.13  19.244   0.002   0.010   105.94     9.76   5.863 059
060225 092235.000,4604.9469,N,01312.9439,E,1.04,152.69#CT    0.13  19.245   0.002   0.010   105.94     9.76   5.858 050
060225 092236.000,4604.9469,N,01312.9437,E,1.10,183.84#CT    0.13  19.245   0.002   0.010   105.94     9.76   5.853 057
060225 092236.000,4604.9469,N,01312.9437,E,1.10,183.84#CT    0.13  19.245   0.002   0.010   105.94     9.76   5.849 050
060225 092237.000,4604.9468,N,01312.9437,E,0.56,183.84#CT    0.13  19.246   0.002   0.010   105.94     9.76   5.844 060
060225 092237.000,4604.9468,N,01312.9437,E,0.56,183.84#CT    0.13  19.245   0.002   0.010   106.00     9.77   5.839 058
060225 092238.000,4604.9472,N,01312.9433,E,0.81,301.52#CT    0.13  19.246   0.002   0.010   106.00     9.77   5.835 053
060225 092238.000,4604.9472,N,01312.9433,E,0.81,301.52#CT    0.13  19.246   0.002   0.010   106.00     9.77   5.830 048
060225 092239.000,4604.9472,N,01312.9435,E,0.23,301.52#CT    0.13  19.246   0.002   0.010   106.00     9.77   5.826 055
060225 092239.000,4604.9472,N,01312.9435,E,0.23,301.52#CT    0.13  19.246   0.002   0.010   106.00     9.77   5.821 048
060225 092240.000,4604.9469,N,01312.9431,E,1.19,259.51#CT    0.13  19.246   0.002   0.010   106.00     9.77   5.816 052
060225 092240.000,4604.9469,N,01312.9431,E,1.19,259.51#CT    0.13  19.246   0.002   0.010   106.00     9.77   5.812 048
060225 092241.000,4604.9465,N,01312.9430,E,0.37,259.51#CT    0.13  19.246   0.002   0.010   106.00     9.77   5.807 052
060225 092241.000,4604.9465,N,01312.9430,E,0.37,259.51#CT    0.13  19.245   0.002   0.010   106.00     9.77   5.803 051
060225 092242.000,4604.9466,N,01312.9428,E,0.14,259.51#CT    0.13  19.246   0.002   0.010   106.00     9.77   5.798 061
060225 092242.000,4604.9466,N,01312.9428,E,0.14,259.51#CT    0.13  19.246   0.002   0.010   105.97     9.77   5.794 060
060225 092243.000,4604.9466,N,01312.9422,E,0.87,258.81#CT    0.13  19.245   0.002   0.010   105.97     9.77   5.789 051
060225 092243.000,4604.9466,N,01312.9422,E,0.87,258.81#CT    0.13  19.246   0.002   0.010   105.97     9.77   5.785 060
060225 092244.000,4604.9465,N,01312.9419,E,0.36,258.81#CT    0.13  19.246   0.002   0.010   105.97     9.77   5.780 057
060225 092244.000,4604.9465,N,01312.9419,E,0.36,258.81#CT    0.13  19.246   0.002   0.010   105.97     9.77   5.776 048
060225 092245.000,4604.9470,N,01312.9418,E,0.37,258.81#CT    0.13  19.246   0.002   0.010   106.02     9.77   5.772 059
060225 092245.000,4604.9470,N,01312.9418,E,0.37,258.81#CT    0.13  19.247   0.002   0.010   106.02     9.77   5.767 062
060225 092246.000,4604.9474,N,01312.9415,E,0.01,258.81#CT    0.13  19.247   0.002   0.010   106.02     9.77   5.763 058
060225 092246.000,4604.9474,N,01312.9415,E,0.01,258.81#CT    0.13  19.247   0.002   0.010   106.02     9.77   5.758 050
060225 092247.000,4604.9474,N,01312.9416,E,0.48,258.81#CT    0.13  19.247   0.002   0.010   106.02     9.77   5.754 062
060225 092248.000,4604.9474,N,01312.9413,E,0.40,258.81#CT    0.13  19.247   0.002   0.010   106.01     9.77   5.750 057
060225 092248.000,4604.9474,N,01312.9413,E,0.40,258.81#CT    0.13  19.247   0.002   0.010   106.01     9.77   5.745 061
060225 092249.000,4604.9477,N,01312.9412,E,0.62,223.04#CT    0.13  19.247   0.002   0.010   106.01     9.77   5.741 057
060225 092249.000,4604.9477,N,01312.9412,E,0.62,223.04#CT    0.13  19.248   0.002   0.010   106.01     9.77   5.737 055
060225 092250.000,4604.9476,N,01312.9409,E,1.59,205.20#CT    0.13  19.249   0.002   0.010   106.01     9.77   5.733 050
060225 092250.000,4604.9476,N,01312.9409,E,1.59,205.20#CT    0.13  19.248   0.002   0.010   105.83     9.75   5.728 050
060225 092251.000,4604.9482,N,01312.9409,E,0.68,203.52#CT    0.13  19.248   0.002   0.010   105.83     9.75   5.724 062
060225 092251.000,4604.9482,N,01312.9409,E,0.68,203.52#CT    0.13  19.248   0.002   0.010   105.83     9.75   5.720 058
060225 092252.000,4604.9491,N,01312.9412,E,0.52,203.52#CT    0.13  19.248   0.002   0.010   105.83     9.75   5.716 063
060225 092252.000,4604.9491,N,01312.9412,E,0.52,203.52#CT    0.13  19.248   0.002   0.010   105.83     9.75   5.712 059
060225 092253.000,4604.9498,N,01312.9406,E,0.50,203.52#CT    0.13  19.249   0.002   0.010   105.91     9.76   5.708 049
060225 092253.000,4604.9498,N,01312.9406,E,0.50,203.52#CT    0.13  19.248   0.002   0.010   105.91     9.76   5.704 060
060225 092254.000,4604.9505,N,01312.9397,E,0.55,260.49#CT    0.13  19.249   0.002   0.010   105.91     9.76   5.700 057
060225 092254.000,4604.9505,N,01312.9397,E,0.55,260.49#CT    0.13  19.249   0.002   0.010   105.91     9.76   5.696 055
060225 092255.000,4604.9510,N,01312.9392,E,1.09,305.17#CT    0.13  19.249   0.002   0.010   105.91     9.76   5.692 051
060225 092255.000,4604.9510,N,01312.9392,E,1.09,305.17#CT    0.13  19.249   0.002   0.010   106.05     9.77   5.688 055
060225 092256.000,4604.9515,N,01312.9398,E,0.78,56.09#CT    0.13  19.250   0.002   0.010   106.05     9.77   5.683 052
060225 092256.000,4604.9515,N,01312.9398,E,0.78,56.09#CT    0.13  19.249   0.002   0.010   106.05     9.77   5.679 057
060225 092257.000,4604.9521,N,01312.9399,E,1.07,3.56#CT    0.13  19.249   0.002   0.010   106.05     9.77   5.675 053
060225 092257.000,4604.9521,N,01312.9399,E,1.07,3.56#CT    0.13  19.250   0.002   0.010   106.05     9.77   5.671 057
060225 092258.000,4604.9532,N,01312.9399,E,0.79,353.46#CT    0.13  19.249   0.002   0.010   105.97     9.76   5.667 063
060225 092258.000,4604.9532,N,01312.9399,E,0.79,353.46#CT    0.13  19.249   0.002   0.010   105.97     9.76   5.663 059
060225 092259.000,4604.9540,N,01312.9400,E,1.04,339.38#CT    0.13  19.249   0.002   0.010   105.97     9.76   5.659 050
060225 092259.000,4604.9540,N,01312.9400,E,1.04,339.38#CT    0.13  19.249   0.002   0.010   105.97     9.76   5.655 062
060225 092300.000,4604.9548,N,01312.9395,E,1.35,294.87#CT    0.13  19.248   0.002   0.010   105.97     9.76   5.652 056
060225 092300.000,4604.9548,N,01312.9395,E,1.35,294.87#CT    0.13  19.247   0.002   0.010   105.99     9.77   5.648 051
060225 092301.000,4604.9551,N,01312.9393,E,1.29,289.30#CT    0.13  19.247   0.002   0.010   105.99     9.77   5.644 063
060225 092301.000,4604.9551,N,01312.9393,E,1.29,289.30#CT    0.13  19.248   0.002   0.010   105.99     9.77   5.640 052
060225 092302.000,4604.9551,N,01312.9398,E,0.44,289.30#CT    0.13  19.247   0.002   0.010   105.99     9.77   5.636 058
060225 092302.000,4604.9551,N,01312.9398,E,0.44,289.30#CT    0.13  19.247   0.002   0.010   105.99     9.77   5.632 062
060225 092303.000,4604.9555,N,01312.9398,E,0.76,289.30#CT    0.13  19.247   0.002   0.010   105.99     9.77   5.628 053
060225 092303.000,4604.9555,N,01312.9398,E,0.76,289.30#CT    0.13  19.247   0.002   0.010   105.99     9.77   5.624 057
060225 092304.000,4604.9552,N,01312.9399,E,1.39,289.30#CT    0.13  19.246   0.002   0.010   105.99     9.77   5.620 060
060225 092304.000,4604.9552,N,01312.9399,E,1.39,289.30#CT    0.13  19.247   0.002   0.010   105.99     9.77   5.616 056
060225 092305.000,4604.9553,N,01312.9404,E,0.75,289.30#CT    0.13  19.247   0.002   0.010   105.99     9.77   5.613 061
060225 092305.000,4604.9553,N,01312.9404,E,0.75,289.30#CT    0.13  19.246   0.002   0.010   105.96     9.76   5.609 057
060225 092306.000,4604.9558,N,01312.9404,E,0.72,289.30#CT    0.13  19.246   0.002   0.010   105.96     9.76   5.605 053
060225 092306.000,4604.9558,N,01312.9404,E,0.72,289.30#CT    0.13  19.246   0.002   0.010   105.96     9.76   5.601 049
060225 092307.000,4604.9559,N,01312.9405,E,0.74,289.30#CT    0.13  19.245   0.002   0.010   105.96     9.76   5.598 049
060225 092307.000,4604.9559,N,01312.9405,E,0.74,289.30#CT    0.13  19.246   0.002   0.010   105.96     9.76   5.594 062
060225 092308.000,4604.9562,N,01312.9406,E,0.41,289.30#CT    0.13  19.246   0.002   0.010   105.97     9.76   5.590 059
060225 092308.000,4604.9562,N,01312.9406,E,0.41,289.30#CT    0.13  19.246   0.002   0.010   105.97     9.76   5.587 061
060225 092309.000,4604.9567,N,01312.9405,E,0.74,289.30#CT    0.13  19.246   0.002   0.010   105.97     9.76   5.583 057
060225 092309.000,4604.9567,N,01312.9405,E,0.74,289.30#CT    0.13  19.246   0.002   0.010   105.97     9.76   5.579 060
060225 092310.000,4604.9567,N,01312.9403,E,0.72,289.30#CT    0.13  19.245   0.002   0.010   105.97     9.76   5.575 051
060225 092310.000,4604.9567,N,01312.9403,E,0.72,289.30#CT    0.13  19.244   0.002   0.010   106.02     9.77   5.572 059
060225 092311.000,4604.9567,N,01312.9403,E,0.79,289.30#CT    0.13  19.245   0.002   0.010   106.02     9.77   5.568 049
060225 092311.000,4604.9567,N,01312.9403,E,0.79,289.30#CT    0.13  19.246   0.002   0.010   106.02     9.77   5.564 062
060225 092312.000,4604.9571,N,01312.9403,E,0.81,289.30#CT    0.13  19.246   0.002   0.010   106.02     9.77   5.561 059
060225 092312.000,4604.9571,N,01312.9403,E,0.81,289.30#CT    0.13  19.246   0.002   0.010   106.02     9.77   5.557 062
060225 092313.000,4604.9571,N,01312.9405,E,0.31,289.30#CT    0.13  19.246   0.002   0.010   105.93     9.76   5.553 048
060225 092313.000,4604.9571,N,01312.9405,E,0.31,289.30#CT    0.13  19.246   0.002   0.010   105.93     9.76   5.550 051
060225 092314.000,4604.9571,N,01312.9406,E,0.26,289.30#CT    0.13  19.246   0.002   0.010   105.93     9.76   5.546 052
060225 092314.000,4604.9571,N,01312.9406,E,0.26,289.30#CT    0.13  19.246   0.002   0.010   105.93     9.76   5.543 049
060225 092315.000,4604.9569,N,01312.9410,E,0.62,289.30#CT    0.13  19.246   0.002   0.010   105.93     9.76   5.539 060
060225 092316.000,4604.9567,N,01312.9413,E,1.25,289.30#CT    0.13  19.245   0.002   0.010   105.98     9.77   5.535 057
060225 092316.000,4604.9567,N,01312.9413,E,1.25,289.30#CT    0.13  19.246   0.002   0.010   105.98     9.77   5.532 061
060225 092316.000,4604.9567,N,01312.9413,E,1.25,289.30#CT    0.13  19.246   0.002   0.010   105.98     9.77   5.528 054
060225 092317.000,4604.9570,N,01312.9418,E,0.83,289.30#CT    0.13  19.246   0.002   0.010   105.98     9.77   5.525 059
060225 092317.000,4604.9570,N,01312.9418,E,0.83,289.30#CT    0.13  19.245   0.002   0.010   105.98     9.77   5.521 060
060225 092318.000,4604.9576,N,01312.9417,E,0.88,289.30#CT    0.13  19.245   0.002   0.010   105.94     9.76   5.517 052
060225 092318.000,4604.9576,N,01312.9417,E,0.88,289.30#CT    0.13  19.245   0.002   0.010   105.94     9.76   5.514 055
060225 092319.000,4604.9579,N,01312.9413,E,0.84,289.30#CT    0.13  19.245   0.002   0.010   105.94     9.76   5.510 051
060225 092319.000,4604.9579,N,01312.9413,E,0.84,289.30#CT    0.13  19.245   0.002   0.010   105.94     9.76   5.507 053
060225 092320.000,4604.9577,N,01312.9413,E,0.53,289.30#CT    0.13  19.245   0.002   0.010   105.94     9.76   5.503 049
060225 092321.000,4604.9576,N,01312.9415,E,0.29,289.30#CT    0.13  19.246   0.002   0.010   106.01     9.77   5.500 063
060225 092321.000,4604.9576,N,01312.9415,E,0.29,289.30#CT    0.13  19.246   0.002   0.010   106.01     9.77   5.496 049
060225 092321.000,4604.9576,N,01312.9415,E,0.29,289.30#CT    0.13  19.246   0.002   0.010   106.01     9.77   5.493 052
060225 092322.000,4604.9576,N,01312.9417,E,0.29,289.30#CT    0.13  19.245   0.002   0.010   106.01     9.77   5.489 060
060225 092322.000,4604.9576,N,01312.9417,E,0.29,289.30#CT    0.13  19.246   0.002   0.010   106.01     9.77   5.486 048
060225 092323.000,4604.9576,N,01312.9418,E,0.63,289.30#CT    0.13  19.246   0.002   0.010   105.96     9.76   5.482 056
060225 092323.000,4604.9576,N,01312.9418,E,0.63,289.30#CT    0.13  19.245   0.002   0.010   105.96     9.76   5.479 063
060225 092324.000,4604.9580,N,01312.9414,E,0.89,289.30#CT    0.13  19.243   0.002   0.010   105.96     9.76   5.475 053
060225 092324.000,4604.9580,N,01312.9414,E,0.89,289.30#CT    0.13  19.244   0.002   0.010   105.96     9.76   5.472 053
060225 092325.000,4604.9577,N,01312.9411,E,1.12,289.30#CT    0.13  19.244   0.002   0.010   105.96     9.76   5.468 062
060225 092326.000,4604.9576,N,01312.9412,E,0.96,289.30#CT    0.13  19.244   0.002   0.010   105.96     9.76   5.465 051
060225 092326.000,4604.9576,N,01312.9412,E,0.96,289.30#CT    0.13  19.243   0.002   0.010   105.96     9.76   5.462 051
060225 092327.000,4604.9575,N,01312.9411,E,0.68,289.30#CT    0.13  19.242   0.002   0.010   105.96     9.76   5.458 059
060225 092327.000,4604.9575,N,01312.9411,E,0.68,289.30#CT    0.13  19.242   0.002   0.010   105.96     9.76   5.455 054
060225 092328.000,4604.9569,N,01312.9409,E,1.64,289.30#CT    0.13  19.243   0.002   0.010   105.96     9.76   5.451 051
060225 092328.000,4604.9569,N,01312.9409,E,1.64,289.30#CT    0.13  19.242   0.002   0.010   105.97     9.77   5.448 058
060225 092329.000,4604.9564,N,01312.9412,E,1.67,289.30#CT    0.13  19.241   0.002   0.010   105.97     9.77   5.444 053
060225 092329.000,4604.9564,N,01312.9412,E,1.67,289.30#CT    0.13  19.240   0.002   0.010   105.97     9.77   5.441 049
060225 092330.000,4604.9564,N,01312.9412,E,0.07,289.30#CT    0.13  19.240   0.002   0.010   105.97     9.77   5.438 063
060225 092330.000,4604.9564,N,01312.9412,E,0.07,289.30#CT    0.13  19.240   0.002   0.010   105.97     9.77   5.434 051
060225 092331.000,4604.9561,N,01312.9413,E,0.08,289.30#CT    0.13  19.239   0.002   0.010   105.99     9.77   5.431 054
060225 092331.000,4604.9561,N,01312.9413,E,0.08,289.30#CT    0.13  19.240   0.002   0.010   105.99     9.77   5.428 048
060225 092332.000,4604.9559,N,01312.9414,E,0.06,289.30#CT    0.13  19.240   0.002   0.010   105.99     9.77   5.424 060
060225 092332.000,4604.9559,N,01312.9414,E,0.06,289.30#CT    0.13  19.239   0.002   0.010   105.99     9.77   5.421 055
060225 092333.000,4604.9561,N,01312.9412,E,0.00,289.30#CT    0.13  19.238   0.002   0.010   105.99     9.77   5.417 051
060225 092333.000,4604.9561,N,01312.9412,E,0.00,289.30#CT    0.13  19.238   0.002   0.010   105.79     9.75   5.414 060
060225 092334.000,4604.9560,N,01312.9410,E,0.05,289.30#CT    0.13  19.237   0.002   0.010   105.79     9.75   5.411 054
060225 092334.000,4604.9560,N,01312.9410,E,0.05,289.30#CT    0.13  19.238   0.002   0.010   105.79     9.75   5.408 049
060225 092335.000,4604.9563,N,01312.9408,E,0.06,289.30#CT    0.13  19.237   0.002   0.010   105.79     9.75   5.405 051
060225 092335.000,4604.9563,N,01312.9408,E,0.06,289.30#CT    0.13  19.237   0.002   0.010   105.79     9.75   5.401 055
060225 092336.000,4604.9565,N,01312.9408,E,0.02,289.30#CT    0.13  19.237   0.002   0.010   106.00     9.77   5.398 063
060225 092336.000,4604.9565,N,01312.9408,E,0.02,289.30#CT    0.13  19.238   0.002   0.010   106.00     9.77   5.394 060
060225 092337.000,4604.9569,N,01312.9404,E,0.08,289.30#CT    0.13  19.237   0.002   0.010   106.00     9.77   5.391 054
060225 092337.000,4604.9569,N,01312.9404,E,0.08,289.30#CT    0.13  19.237   0.002   0.010   106.00     9.77   5.388 062
060225 092338.000,4604.9572,N,01312.9403,E,0.07,289.30#CT    0.13  19.237   0.002   0.010   106.00     9.77   5.385 051
060225 092338.000,4604.9572,N,01312.9403,E,0.07,289.30#CT    0.13  19.237   0.002   0.010   105.95     9.77   5.381 056
060225 092339.000,4604.9578,N,01312.9400,E,0.10,289.30#CT    0.13  19.237   0.002   0.010   105.95     9.77   5.378 062
060225 092339.000,4604.9578,N,01312.9400,E,0.10,289.30#CT    0.13  19.236   0.002   0.010   105.95     9.77   5.375 050
060225 092340.000,4604.9580,N,01312.9395,E,0.06,289.30#CT    0.13  19.236   0.002   0.010   105.95     9.77   5.372 053
060225 092340.000,4604.9580,N,01312.9395,E,0.06,289.30#CT    0.13  19.236   0.002   0.010   105.95     9.77   5.368 062
060225 092341.000,4604.9583,N,01312.9392,E,0.03,289.30#CT    0.13  19.237   0.002   0.010   105.93     9.76   5.365 053
060225 092341.000,4604.9583,N,01312.9392,E,0.03,289.30#CT    0.13  19.237   0.002   0.010   105.93     9.76   5.362 050
060225 092342.000,4604.9583,N,01312.9390,E,0.05,289.30#CT    0.13  19.237   0.002   0.010   105.93     9.76   5.359 058
060225 092342.000,4604.9583,N,01312.9390,E,0.05,289.30#CT    0.13  19.237   0.002   0.010   105.93     9.76   5.355 054
060225 092343.000,4604.9589,N,01312.9387,E,0.04,289.30#CT    0.13  19.236   0.002   0.010   105.93     9.76   5.352 048
060225 092343.000,4604.9589,N,01312.9387,E,0.04,289.30#CT    0.13  19.236   0.002   0.010   105.90     9.76   5.349 057
060225 092344.000,4604.9594,N,01312.9384,E,0.05,289.30#CT    0.13  19.236   0.002   0.010   105.90     9.76   5.346 054
060225 092344.000,4604.9594,N,01312.9384,E,0.05,289.30#CT    0.13  19.237   0.002   0.010   105.90     9.76   5.343 050
060225 092345.000,4604.9594,N,01312.9380,E,0.06,289.30#CT    0.13  19.236   0.002   0.010   105.90     9.76   5.340 048
060225 092345.000,4604.9594,N,01312.9380,E,0.06,289.30#CT    0.13  19.236   0.002   0.010   105.90     9.76   5.336 049
060225 092346.000,4604.9600,N,01312.9377,E,0.85,289.30#CT    0.13  19.236   0.002   0.010   105.96     9.77   5.333 051
060225 092346.000,4604.9600,N,01312.9377,E,0.85,289.30#CT    0.13  19.237   0.002   0.010   105.96     9.77   5.330 049
060225 092347.000,4604.9602,N,01312.9373,E,0.78,289.30#CT    0.13  19.237   0.002   0.010   105.96     9.77   5.327 055
060225 092347.000,4604.9602,N,01312.9373,E,0.78,289.30#CT    0.13  19.238   0.002   0.010   105.96     9.77   5.324 059
060225 092348.000,4604.9609,N,01312.9370,E,1.20,289.30#CT    0.13  19.238   0.002   0.010   105.96     9.77   5.321 062
060225 092348.000,4604.9609,N,01312.9370,E,1.20,289.30#CT    0.13  19.239   0.002   0.010   106.00     9.77   5.318 057
060225 092349.000,4604.9612,N,01312.9369,E,0.03,289.30#CT    0.13  19.238   0.002   0.010   106.00     9.77   5.315 053
060225 092349.000,4604.9612,N,01312.9369,E,0.03,289.30#CT    0.13  19.238   0.002   0.010   106.00     9.77   5.312 050
060225 092350.000,4604.9616,N,01312.9368,E,0.06,289.30#CT    0.13  19.239   0.002   0.010   106.00     9.77   5.309 057
060225 092350.000,4604.9616,N,01312.9368,E,0.06,289.30#CT    0.13  19.239   0.002   0.010   106.00     9.77   5.306 054
060225 092351.000,4604.9618,N,01312.9368,E,0.04,289.30#CT    0.13  19.239   0.002   0.010   105.98     9.77   5.303 049
060225 092351.000,4604.9618,N,01312.9368,E,0.04,289.30#CT    0.13  19.240   0.002   0.010   105.98     9.77   5.300 060
060225 092352.000,4604.9618,N,01312.9365,E,0.06,289.30#CT    0.13  19.241   0.002   0.010   105.98     9.77   5.297 050
060225 092352.000,4604.9618,N,01312.9365,E,0.06,289.30#CT    0.13  19.240   0.002   0.010   105.98     9.77   5.294 048
060225 092353.000,4604.9621,N,01312.9362,E,0.13,289.30#CT    0.13  19.241   0.002   0.010   105.98     9.77   5.291 052
060225 092354.000,4604.9622,N,01312.9359,E,0.11,289.30#CT    0.13  19.241   0.002   0.010   105.99     9.77   5.288 061
060225 092354.000,4604.9622,N,01312.9359,E,0.11,289.30#CT    0.13  19.241   0.002   0.010   105.99     9.77   5.285 048
060225 092354.000,4604.9622,N,01312.9359,E,0.11,289.30#CT    0.13  19.241   0.002   0.010   105.99     9.77   5.282 055
060225 092355.000,4604.9622,N,01312.9358,E,0.01,289.30#CT    0.13  19.241   0.002   0.010   105.99     9.77   5.279 051
060225 092356.000,4604.9623,N,01312.9355,E,0.04,289.30#CT    0.13  19.241   0.002   0.010   105.99     9.77   5.276 060
060225 092356.000,4604.9623,N,01312.9355,E,0.04,289.30#CT    0.13  19.242   0.002   0.010   106.00     9.77   5.273 057
060225 092357.000,4604.9625,N,01312.9355,E,0.13,289.30#CT    0.13  19.243   0.002   0.010   106.00     9.77   5.270 059
060225 092357.000,4604.9625,N,01312.9355,E,0.13,289.30#CT    0.13  19.243   0.002   0.010   106.00     9.77   5.267 061
060225 092358.000,4604.9626,N,01312.9357,E,0.06,289.30#CT    0.13  19.243   0.002   0.010   106.00     9.77   5.264 062
060225 092358.000,4604.9626,N,01312.9357,E,0.06,289.30#CT    0.13  19.243   0.002   0.010   106.00     9.77   5.261 059
060225 092359.000,4604.9625,N,01312.9360,E,0.06,289.30#CT    0.13  19.243   0.002   0.010   105.77     9.75   5.258 048
060225 092359.000,4604.9625,N,01312.9360,E,0.06,289.30#CT    0.13  19.243   0.002   0.010   105.77     9.75   5.255 061
060225 092400.000,4604.9626,N,01312.9361,E,0.05,289.30#CT    0.13  19.243   0.002   0.010   105.77     9.75   5.252 058
060225 092400.000,4604.9626,N,01312.9361,E,0.05,289.30#CT    0.13  19.243   0.002   0.010   105.77     9.75   5.250 056
060225 092401.000,4604.9626,N,01312.9361,E,0.01,289.30#CT    0.13  19.244   0.002   0.010   105.77     9.75   5.247 057
060225 092401.000,4604.9626,N,01312.9361,E,0.01,289.30#CT    0.13  19.244   0.002   0.010   105.91     9.76   5.244 049
060225 092402.000,4604.9629,N,01312.9356,E,0.13,289.30#CT    0.13  19.245   0.002   0.010   105.91     9.76   5.241 053
060225 092402.000,4604.9629,N,01312.9356,E,0.13,289.30#CT    0.13  19.243   0.002   0.010   105.91     9.76   5.238 061
060225 092403.000,4604.9632,N,01312.9351,E,0.13,289.30#CT    0.13  19.244   0.002   0.010   105.91     9.76   5.235 055
060225 092403.000,4604.9632,N,01312.9351,E,0.13,289.30#CT    0.13  19.245   0.002   0.010   105.91     9.76   5.233 048
060225 092404.000,4604.9632,N,01312.9349,E,0.06,289.30#CT    0.13  19.244   0.002   0.010   105.92     9.76   5.230 049
060225 092404.000,4604.9632,N,01312.9349,E,0.06,289.30#CT    0.13  19.243   0.002   0.010   105.92     9.76   5.227 048
060225 092405.000,4604.9632,N,01312.9350,E,0.02,289.30#CT    0.13  19.244   0.002   0.010   105.92     9.76   5.224 052
060225 092405.000,4604.9632,N,01312.9350,E,0.02,289.30#CT    0.13  19.244   0.002   0.010   105.92     9.76   5.222 050
060225 092406.000,4604.9632,N,01312.9349,E,0.05,289.30#CT    0.13  19.244   0.002   0.010   105.92     9.76   5.219 058
060225 092406.000,4604.9632,N,01312.9349,E,0.05,289.30#CT    0.13  19.244   0.002   0.010   105.95     9.76   5.216 050
060225 092407.000,4604.9633,N,01312.9349,E,0.06,289.30#CT    0.13  19.243   0.002   0.010   105.95     9.76   5.213 048
060225 092407.000,4604.9633,N,01312.9349,E,0.06,289.30#CT    0.13  19.243   0.002   0.010   105.95     9.76   5.210 051
060225 092408.000,4604.9633,N,01312.9347,E,0.05,289.30#CT    0.13  19.243   0.002   0.010   105.95     9.76   5.208 058
060225 092408.000,4604.9633,N,01312.9347,E,0.05,289.30#CT    0.13  19.243   0.002   0.010   105.95     9.76   5.205 055
060225 092409.000,4604.9636,N,01312.9346,E,0.08,289.30#CT    0.13  19.243   0.002   0.010   105.95     9.76   5.202 048
060225 092409.000,4604.9636,N,01312.9346,E,0.08,289.30#CT    0.13  19.243   0.002   0.010   105.95     9.76   5.199 049
060225 092410.000,4604.9639,N,01312.9344,E,1.19,322.36#CT    0.13  19.243   0.002   0.010   105.95     9.76   5.197 063
060225 092410.000,4604.9639,N,01312.9344,E,1.19,322.36#CT    0.13  19.242   0.002   0.010   105.95     9.76   5.194 061
060225 092411.000,4604.9640,N,01312.9342,E,0.88,316.98#CT    0.13  19.242   0.002   0.010   105.95     9.76   5.192 059
060225 092411.000,4604.9640,N,01312.9342,E,0.88,316.98#CT    0.13  19.241   0.002   0.010   105.88     9.76   5.189 062
060225 092412.000,4604.9643,N,01312.9341,E,1.16,340.33#CT    0.13  19.239   0.002   0.010   105.88     9.76   5.186 062
060225 092412.000,4604.9643,N,01312.9341,E,1.16,340.33#CT    0.13  19.238   0.002   0.010   105.88     9.76   5.184 061
060225 092413.000,4604.9645,N,01312.9338,E,1.22,310.34#CT    0.13  19.238   0.002   0.010   105.88     9.76   5.181 056
060225 092413.000,4604.9645,N,01312.9338,E,1.22,310.34#CT    0.13  19.236   0.002   0.010   105.88     9.76   5.178 048
060225 092414.000,4604.9645,N,01312.9340,E,0.64,356.32#CT    0.13  19.235   0.002   0.010   105.93     9.76   5.176 055
060225 092414.000,4604.9645,N,01312.9340,E,0.64,356.32#CT    0.13  19.235   0.002   0.010   105.93     9.76   5.173 050
060225 092415.000,4604.9649,N,01312.9337,E,1.29,348.01#CT    0.13  19.234   0.002   0.010   105.93     9.76   5.170 048
060225 092415.000,4604.9649,N,01312.9337,E,1.29,348.01#CT    0.13  19.233   0.002   0.010   105.93     9.76   5.168 062
060225 092416.000,4604.9651,N,01312.9337,E,0.82,349.02#CT    0.13  19.233   0.002   0.010   105.93     9.76   5.165 051
060225 092416.000,4604.9651,N,01312.9337,E,0.82,349.02#CT    0.13  19.233   0.002   0.010   105.94     9.76   5.162 051
060225 092417.000,4604.9649,N,01312.9338,E,0.38,349.02#CT    0.13  19.232   0.002   0.010   105.94     9.76   5.160 048
060225 092417.000,4604.9649,N,01312.9338,E,0.38,349.02#CT    0.13  19.231   0.002   0.010   105.94     9.76   5.157 055
060225 092418.000,4604.9651,N,01312.9336,E,0.84,329.20#CT    0.13  19.230   0.002   0.010   105.94     9.76   5.154 053
060225 092418.000,4604.9651,N,01312.9336,E,0.84,329.20#CT    0.13  19.229   0.002   0.010   105.94     9.76   5.152 059
060225 092419.000,4604.9649,N,01312.9339,E,0.16,329.20#CT    0.13  19.229   0.002   0.010   106.06     9.78   5.149 055
060225 092419.000,4604.9649,N,01312.9339,E,0.16,329.20#CT    0.13  19.229   0.002   0.010   106.06     9.78   5.146 056
060225 092420.000,4604.9646,N,01312.9342,E,0.24,329.20#CT    0.13  19.229   0.002   0.010   106.06     9.78   5.144 058
060225 092420.000,4604.9646,N,01312.9342,E,0.24,329.20#CT    0.13  19.228   0.002   0.010   106.06     9.78   5.141 062
060225 092421.000,4604.9644,N,01312.9343,E,0.41,329.20#CT    0.13  19.228   0.002   0.010   106.06     9.78   5.139 049
060225 092422.000,4604.9643,N,01312.9342,E,0.59,329.20#CT    0.13  19.227   0.002   0.010   106.02     9.77   5.136 058
060225 092422.000,4604.9643,N,01312.9342,E,0.59,329.20#CT    0.13  19.228   0.002   0.010   106.02     9.77   5.134 055
060225 092422.000,4604.9643,N,01312.9342,E,0.59,329.20#CT    0.13  19.228   0.002   0.010   106.02     9.77   5.131 050
060225 092423.000,4604.9644,N,01312.9342,E,0.78,329.20#CT    0.13  19.228   0.002   0.010   106.02     9.77   5.128 058
060225 092423.000,4604.9644,N,01312.9342,E,0.78,329.20#CT    0.13  19.229   0.002   0.010   106.02     9.77   5.126 053
060225 092424.000,4604.9642,N,01312.9341,E,0.85,329.20#CT    0.13  19.228   0.002   0.010   105.92     9.76   5.123 058
060225 092424.000,4604.9642,N,01312.9341,E,0.85,329.20#CT    0.13  19.229   0.002   0.010   105.92     9.76   5.120 056
060225 092425.000,4604.9641,N,01312.9342,E,0.80,329.20#CT    0.13  19.229   0.002   0.010   105.92     9.76   5.118 051
060225 092425.000,4604.9641,N,01312.9342,E,0.80,329.20#CT    0.13  19.229   0.002   0.010   105.92     9.76   5.115 062
060225 092426.000,4604.9639,N,01312.9345,E,0.11,329.20#CT    0.13  19.230   0.002   0.010   105.92     9.76   5.113 048
060225 092427.000,4604.9639,N,01312.9347,E,0.14,329.20#CT    0.13  19.230   0.002   0.010   106.02     9.77   5.110 056
060225 092427.000,4604.9639,N,01312.9347,E,0.14,329.20#CT    0.13  19.232   0.002   0.010   106.02     9.77   5.108 051
060225 092428.000,4604.9639,N,01312.9350,E,0.46,329.20#CT    0.13  19.232   0.002   0.010   106.02     9.77   5.105 062
060225 092428.000,4604.9639,N,01312.9350,E,0.46,329.20#CT    0.13  19.231   0.002   0.010   106.02     9.77   5.102 058
060225 092429.000,4604.9639,N,01312.9352,E,0.68,329.20#CT    0.13  19.231   0.002   0.010   106.02     9.77   5.100 056
060225 092429.000,4604.9639,N,01312.9352,E,0.68,329.20#CT    0.13  19.232   0.002   0.010   106.02     9.77   5.097 052
060225 092430.000,4604.9635,N,01312.9355,E,0.46,329.20#CT    0.13  19.232   0.002   0.010   106.02     9.77   5.095 054
060225 092430.000,4604.9635,N,01312.9355,E,0.46,329.20#CT    0.13  19.232   0.002   0.010   106.02     9.77   5.092 049
060225 092431.000,4604.9632,N,01312.9356,E,0.52,329.20#CT    0.13  19.233   0.002   0.010   106.02     9.77   5.090 050
060225 092431.000,4604.9632,N,01312.9356,E,0.52,329.20#CT    0.13  19.232   0.002   0.010   106.02     9.77   5.087 053
060225 092432.000,4604.9630,N,01312.9358,E,0.49,329.20#CT    0.13  19.232   0.002   0.010   105.89     9.76   5.085 054
060225 092432.000,4604.9630,N,01312.9358,E,0.49,329.20#CT    0.13  19.233   0.002   0.010   105.89     9.76   5.082 048
060225 092433.000,4604.9630,N,01312.9359,E,0.11,329.20#CT    0.13  19.233   0.002   0.010   105.89     9.76   5.080 050
060225 092433.000,4604.9630,N,01312.9359,E,0.11,329.20#CT    0.13  19.233   0.002   0.010   105.89     9.76   5.078 053
060225 092434.000,4604.9630,N,01312.9360,E,0.59,329.20#CT    0.13  19.233   0.002   0.010   105.89     9.76   5.076 059
060225 092434.000,4604.9630,N,01312.9360,E,0.59,329.20#CT    0.13  19.233   0.002   0.010   105.99     9.77   5.074 057
060225 092435.000,4604.9627,N,01312.9362,E,0.54,329.20#CT    0.13  19.235   0.002   0.010   105.99     9.77   5.071 058
060225 092435.000,4604.9627,N,01312.9362,E,0.54,329.20#CT    0.13  19.235   0.002   0.010   105.99     9.77   5.069 051
060225 092436.000,4604.9628,N,01312.9362,E,0.38,329.20#CT    0.13  19.235   0.002   0.010   105.99     9.77   5.066 060
060225 092436.000,4604.9628,N,01312.9362,E,0.38,329.20#CT    0.13  19.235   0.002   0.010   105.99     9.77   5.064 062
060225 092437.000,4604.9626,N,01312.9362,E,0.31,329.20#CT    0.13  19.236   0.002   0.010   105.96     9.77   5.061 055
060225 092437.000,4604.9626,N,01312.9362,E,0.31,329.20#CT    0.13  19.237   0.002   0.010   105.96     9.77   5.059 061
060225 092438.000,4604.9627,N,01312.9362,E,0.35,329.20#CT    0.13  19.237   0.002   0.010   105.96     9.77   5.057 051
060225 092438.000,4604.9627,N,01312.9362,E,0.35,329.20#CT    0.13  19.238   0.002   0.010   105.96     9.77   5.054 063
060225 092439.000,4604.9629,N,01312.9362,E,0.95,352.65#CT    0.13  19.238   0.002   0.010   105.96     9.77   5.052 057
060225 092439.000,4604.9629,N,01312.9362,E,0.95,352.65#CT    0.13  19.237   0.002   0.010   106.02     9.77   5.049 050
060225 092440.000,4604.9630,N,01312.9362,E,0.15,352.65#CT    0.13  19.238   0.002   0.010   106.02     9.77   5.047 051
060225 092440.000,4604.9630,N,01312.9362,E,0.15,352.65#CT    0.13  19.238   0.002   0.010   106.02     9.77   5.044 048
060225 092441.000,4604.9629,N,01312.9363,E,0.19,352.65#CT    0.13  19.238   0.002   0.010   106.02     9.77   5.042 054
060225 092441.000,4604.9629,N,01312.9363,E,0.19,352.65#CT    0.13  19.238   0.002   0.010   106.02     9.77   5.039 058
060225 092442.000,4604.9631,N,01312.9360,E,0.79,304.91#CT    0.13  19.240   0.002   0.010   105.88     9.76   5.037 059
060225 092442.000,4604.9631,N,01312.9360,E,0.79,304.91#CT    0.13  19.240   0.002   0.010   105.88     9.76   5.035 057
060225 092443.000,4604.9631,N,01312.9358,E,0.77,307.31#CT    0.13  19.240   0.002   0.010   105.88     9.76   5.032 062
060225 092443.000,4604.9631,N,01312.9358,E,0.77,307.31#CT    0.13  19.241   0.002   0.010   105.88     9.76   5.030 061
060225 092444.000,4604.9628,N,01312.9359,E,0.52,307.31#CT    0.13  19.241   0.002   0.010   105.88     9.76   5.027 059
060225 092444.000,4604.9628,N,01312.9359,E,0.52,307.31#CT    0.13  19.241   0.002   0.010   106.07     9.78   5.025 051
060225 092445.000,4604.9624,N,01312.9360,E,1.33,177.37#CT    0.13  19.242   0.002   0.010   106.07     9.78   5.023 054
060225 092445.000,4604.9624,N,01312.9360,E,1.33,177.37#CT    0.13  19.242   0.002   0.010   106.07     9.78   5.020 053
060225 092446.000,4604.9621,N,01312.9359,E,0.81,199.18#CT    0.13  19.241   0.002   0.010   106.07     9.78   5.018 061
060225 092446.000,4604.9621,N,01312.9359,E,0.81,199.18#CT    0.13  19.241   0.002   0.010   106.07     9.78   5.015 048
060225 092447.000,4604.9619,N,01312.9358,E,0.60,168.76#CT    0.13  19.242   0.002   0.010   105.97     9.77   5.013 048
060225 092447.000,4604.9619,N,01312.9358,E,0.60,168.76#CT    0.13  19.243   0.002   0.010   105.97     9.77   5.011 051
060225 092448.000,4604.9618,N,01312.9357,E,0.33,168.76#CT    0.13  19.242   0.002   0.010   105.97     9.77   5.008 058
060225 092448.000,4604.9618,N,01312.9357,E,0.33,168.76#CT    0.13  19.242   0.002   0.010   105.97     9.77   5.006 052
060225 092449.000,4604.9620,N,01312.9353,E,1.15,297.97#CT    0.13  19.242   0.002   0.010   105.97     9.77   5.003 049
060225 092449.000,4604.9620,N,01312.9353,E,1.15,297.97#CT    0.13  19.242   0.002   0.010   106.01     9.77   5.001 063
060225 092450.000,4604.9622,N,01312.9351,E,0.59,324.00#CT    0.13  19.242   0.002   0.010   106.01     9.77   4.999 054
060225 092450.000,4604.9622,N,01312.9351,E,0.59,324.00#CT    0.13  19.243   0.002   0.010   106.01     9.77   4.996 056
060225 092451.000,4604.9623,N,01312.9349,E,0.53,324.00#CT    0.13  19.243   0.002   0.010   106.01     9.77   4.994 058
060225 092451.000,4604.9623,N,01312.9349,E,0.53,324.00#CT    0.13  19.242   0.002   0.010   106.01     9.77   4.992 061
060225 092452.000,4604.9620,N,01312.9350,E,0.45,324.00#CT    0.13  19.243   0.002   0.010   105.92     9.76   4.990 054
060225 092452.000,4604.9620,N,01312.9350,E,0.45,324.00#CT    0.13  19.242   0.002   0.010   105.92     9.76   4.987 049
060225 092453.000,4604.9618,N,01312.9352,E,0.46,324.00#CT    0.13  19.242   0.002   0.010   105.92     9.76   4.985 051
060225 092453.000,4604.9618,N,01312.9352,E,0.46,324.00#CT    0.13  19.242   0.002   0.010   105.92     9.76   4.983 053
060225 092454.000,4604.9620,N,01312.9353,E,0.79,357.07#CT    0.13  19.241   0.002   0.010   105.92     9.76   4.980 053
060225 092455.000,4604.9623,N,01312.9352,E,0.83,357.27#CT    0.13  19.241   0.002   0.010   105.91     9.76   4.980 054
060225 092455.000,4604.9623,N,01312.9352,E,0.83,357.27#CT    0.13  19.241   0.002   0.010   105.91     9.76   4.979 048
060225 092455.000,4604.9623,N,01312.9352,E,0.83,357.27#CT    0.13  19.241   0.002   0.010   105.91     9.76   4.976 063
060225 092456.000,4604.9626,N,01312.9353,E,1.33,349.89#CT    0.13  19.241   0.002   0.010   105.91     9.76   4.974 061
060225 092456.000,4604.9626,N,01312.9353,E,1.33,349.89#CT    0.13  19.240   0.002   0.010   105.91     9.76   4.971 057
060225 092457.000,4604.9629,N,01312.9353,E,1.27,354.42#CT    0.13  19.240   0.002   0.010   105.97     9.77   4.969 055
060225 092457.000,4604.9629,N,01312.9353,E,1.27,354.42#CT    0.13  19.240   0.002   0.010   105.97     9.77   4.966 056
060225 092458.000,4604.9628,N,01312.9353,E,0.02,354.42#CT    0.13  19.240   0.002   0.010   105.97     9.77   4.963 061
060225 092458.000,4604.9628,N,01312.9353,E,0.02,354.42#CT    0.13  19.239   0.002   0.010   105.97     9.77   4.961 049
060225 092459.000,4604.9625,N,01312.9355,E,0.08,354.42#CT    0.13  19.239   0.002   0.010   105.97     9.77   4.958 059
060225 092500.000,4604.9626,N,01312.9353,E,0.03,354.42#CT    0.13  19.239   0.002   0.010   106.03     9.77   4.956 059
060225 092500.000,4604.9626,N,01312.9353,E,0.03,354.42#CT    0.13  19.240   0.002   0.010   106.03     9.77   4.954 055
060225 092501.000,4604.9625,N,01312.9354,E,0.01,354.42#CT    0.13  19.239   0.002   0.010   106.03     9.77   4.951 060
060225 092501.000,4604.9625,N,01312.9354,E,0.01,354.42#CT    0.13  19.238   0.002   0.010   106.03     9.77   4.949 052
060225 092502.000,4604.9626,N,01312.9354,E,0.01,354.42#CT    0.13  19.238   0.002   0.010   106.03     9.77   4.946 059
060225 092502.000,4604.9626,N,01312.9354,E,0.01,354.42#CT    0.13  19.239   0.002   0.010   105.88     9.76   4.944 057
060225 092503.000,4604.9627,N,01312.9354,E,0.05,354.42#CT    0.13  19.238   0.002   0.010   105.88     9.76   4.942 062
060225 092503.000,4604.9627,N,01312.9354,E,0.05,354.42#CT    0.13  19.237   0.002   0.010   105.88     9.76   4.939 061
060225 092504.000,4604.9622,N,01312.9357,E,0.07,354.42#CT    0.13  19.237   0.002   0.010   105.88     9.76   4.937 051
060225 092504.000,4604.9622,N,01312.9357,E,0.07,354.42#CT    0.13  19.237   0.002   0.010   105.88     9.76   4.935 049
060225 092505.000,4604.9620,N,01312.9360,E,0.07,354.42#CT    0.13  19.237   0.002   0.010   106.01     9.77   4.933 052
060225 092505.000,4604.9620,N,01312.9360,E,0.07,354.42#CT    0.13  19.237   0.002   0.010   106.01     9.77   4.930 055
060225 092506.000,4604.9615,N,01312.9362,E,0.08,354.42#CT    0.13  19.236   0.002   0.010   106.01     9.77   4.928 063
060225 092506.000,4604.9615,N,01312.9362,E,0.08,354.42#CT    0.13  19.235   0.002   0.010   106.01     9.77   4.926 050
060225 092507.000,4604.9612,N,01312.9361,E,0.06,354.42#CT    0.13  19.235   0.002   0.010   106.01     9.77   4.924 048
060225 092507.000,4604.9612,N,01312.9361,E,0.06,354.42#CT    0.13  19.235   0.002   0.010   105.99     9.77   4.921 055
060225 092508.000,4604.9611,N,01312.9359,E,0.91,354.42#CT    0.13  19.235   0.002   0.010   105.99     9.77   4.919 060
060225 092508.000,4604.9611,N,01312.9359,E,0.91,354.42#CT    0.13  19.235   0.002   0.010   105.99     9.77   4.917 050
060225 092509.000,4604.9607,N,01312.9359,E,0.43,354.42#CT    0.13  19.234   0.002   0.010   105.99     9.77   4.915 049
060225 092509.000,4604.9607,N,01312.9359,E,0.43,354.42#CT    0.13  19.234   0.002   0.010   105.99     9.77   4.912 054
060225 092510.000,4604.9605,N,01312.9361,E,0.42,354.42#CT    0.13  19.234   0.002   0.010   105.85     9.76   4.910 056
060225 092510.000,4604.9605,N,01312.9361,E,0.42,354.42#CT    0.13  19.233   0.002   0.010   105.85     9.76   4.908 054
060225 092511.000,4604.9606,N,01312.9359,E,0.57,354.42#CT    0.13  19.233   0.002   0.010   105.85     9.76   4.906 056
060225 092511.000,4604.9606,N,01312.9359,E,0.57,354.42#CT    0.13  19.232   0.002   0.010   105.85     9.76   4.904 059
060225 092512.000,4604.9604,N,01312.9360,E,0.30,354.42#CT    0.13  19.232   0.002   0.010   105.85     9.76   4.901 062
060225 092512.000,4604.9604,N,01312.9360,E,0.30,354.42#CT    0.13  19.231   0.002   0.010   106.07     9.78   4.899 058
060225 092513.000,4604.9604,N,01312.9361,E,0.61,354.42#CT    0.13  19.231   0.002   0.010   106.07     9.78   4.897 052
060225 092513.000,4604.9604,N,01312.9361,E,0.61,354.42#CT    0.13  19.232   0.002   0.010   106.07     9.78   4.895 053
060225 092514.000,4604.9601,N,01312.9364,E,0.67,354.42#CT    0.13  19.231   0.002   0.010   106.07     9.78   4.893 048
060225 092514.000,4604.9601,N,01312.9364,E,0.67,354.42#CT    0.13  19.230   0.002   0.010   106.07     9.78   4.891 051
060225 092515.000,4604.9597,N,01312.9364,E,0.84,354.42#CT    0.13  19.229   0.002   0.010   105.89     9.76   4.888 056
060225 092515.000,4604.9597,N,01312.9364,E,0.84,354.42#CT    0.13  19.230   0.002   0.010   105.89     9.76   4.886 062
060225 092516.000,4604.9593,N,01312.9364,E,0.78,354.42#CT    0.13  19.229   0.002   0.010   105.89     9.76   4.884 052
060225 092516.000,4604.9593,N,01312.9364,E,0.78,354.42#CT    0.13  19.229   0.002   0.010   105.89     9.76   4.882 050
060225 092517.000,4604.9588,N,01312.9366,E,0.97,354.42#CT    0.13  19.229   0.002   0.010   105.89     9.76   4.880 048
060225 092517.000,4604.9588,N,01312.9366,E,0.97,354.42#CT    0.13  19.228   0.002   0.010   105.93     9.76   4.878 061
060225 092518.000,4604.9591,N,01312.9365,E,0.39,354.42#CT    0.13  19.228   0.002   0.010   105.93     9.76   4.876 051
060225 092518.000,4604.9591,N,01312.9365,E,0.39,354.42#CT    0.13  19.227   0.002   0.010   105.93     9.76   4.874 062
060225 092519.000,4604.9588,N,01312.9366,E,0.36,354.42#CT    0.13  19.226   0.002   0.010   105.93     9.76   4.871 058
060225 092519.000,4604.9588,N,01312.9366,E,0.36,354.42#CT    0.13  19.226   0.002   0.010   105.93     9.76   4.869 051
060225 092520.000,4604.9585,N,01312.9366,E,0.39,354.42#CT    0.13  19.225   0.002   0.010   105.97     9.77   4.867 059
060225 092520.000,4604.9585,N,01312.9366,E,0.39,354.42#CT    0.13  19.226   0.002   0.010   105.97     9.77   4.865 058
060225 092521.000,4604.9587,N,01312.9365,E,0.36,354.42#CT    0.13  19.226   0.002   0.010   105.97     9.77   4.863 060
060225 092521.000,4604.9587,N,01312.9365,E,0.36,354.42#CT    0.13  19.225   0.002   0.010   105.97     9.77   4.861 061
060225 092522.000,4604.9591,N,01312.9363,E,0.78,354.42#CT    0.13  19.226   0.002   0.010   105.97     9.77   4.859 053
060225 092523.000,4604.9591,N,01312.9360,E,0.73,354.42#CT    0.13  19.226   0.002   0.010   106.02     9.77   4.857 052
060225 092523.000,4604.9591,N,01312.9360,E,0.73,354.42#CT    0.13  19.225   0.002   0.010   106.02     9.77   4.855 053
060225 092523.000,4604.9591,N,01312.9360,E,0.73,354.42#CT    0.13  19.225   0.002   0.010   106.02     9.77   4.852 050
060225 092524.000,4604.9592,N,01312.9357,E,1.03,354.42#CT    0.13  19.225   0.002   0.010   106.02     9.77   4.850 048
060225 092524.000,4604.9592,N,01312.9357,E,1.03,354.42#CT    0.13  19.225   0.002   0.010   106.02     9.77   4.848 057
060225 092525.000,4604.9589,N,01312.9356,E,0.28,354.42#CT    0.13  19.224   0.002   0.010   106.02     9.77   4.846 054
060225 092525.000,4604.9589,N,01312.9356,E,0.28,354.42#CT    0.13  19.225   0.002   0.010   106.02     9.77   4.844 053
060225 092526.000,4604.9587,N,01312.9358,E,0.67,110.99#CT    0.13  19.225   0.002   0.010   106.02     9.77   4.842 051
060225 092526.000,4604.9587,N,01312.9358,E,0.67,110.99#CT    0.13  19.225   0.002   0.010   106.02     9.77   4.840 049
060225 092527.000,4604.9585,N,01312.9359,E,0.65,130.27#CT    0.13  19.224   0.002   0.010   106.02     9.77   4.838 063
060225 092528.000,4604.9585,N,01312.9360,E,0.64,106.89#CT    0.13  19.224   0.002   0.010   105.97     9.77   4.836 062
060225 092528.000,4604.9585,N,01312.9360,E,0.64,106.89#CT    0.13  19.223   0.002   0.010   105.97     9.77   4.834 059
