040624 094940.000,4604.9655,N,01312.9327,E,0.01,351.88#CT    0.00  23.936   0.002   0.012   108.40     8.00   5.705 055
040624 094940.000,4604.9655,N,01312.9327,E,0.01,351.88#CT    0.00  23.950   0.002   0.012   108.40     8.00   5.706 052
040624 094941.000,4604.9655,N,01312.9327,E,0.01,351.88#CT    0.00  23.958   0.002   0.012   108.40     8.00   5.707 061
040624 094942.000,4604.9656,N,01312.9327,E,0.01,351.88#CT    0.00  23.961   0.002   0.012   108.40     8.00   5.708 056
040624 094942.000,4604.9656,N,01312.9327,E,0.01,351.88#CT    0.00  23.962   0.002   0.012   108.40     8.00   5.707 052
040624 094943.000,4604.9656,N,01312.9327,E,0.01,351.88#CT    0.00  23.962   0.002   0.012   105.02     8.84   5.707 051
040624 094943.000,4604.9656,N,01312.9327,E,0.01,351.88#CT    0.00  23.963   0.002   0.012   105.02     8.84   5.707 050
040624 094944.000,4604.9656,N,01312.9327,E,0.01,351.88#CT    0.00  23.964   0.002   0.012   105.02     8.84   5.706 052
040624 094944.000,4604.9656,N,01312.9327,E,0.01,351.88#CT    0.00  23.966   0.002   0.012   105.02     8.84   5.706 054
040624 094945.000,4604.9656,N,01312.9327,E,0.01,351.88#CT    0.00  23.966   0.002   0.012   105.02     8.84   5.706 054
040624 094945.000,4604.9656,N,01312.9327,E,0.01,351.88#CT    0.00  23.967   0.002   0.012   105.17     8.84   5.706 051
040624 094946.000,4604.9656,N,01312.9326,E,0.01,351.88#CT    0.00  23.968   0.002   0.012   105.17     8.84   5.706 060
