040624 100123.000,4604.9604,N,01312.9283,E,0.24,265.31#CT    0.00  24.060   0.002   0.012   108.74     8.03   5.728 049
040624 100123.000,4604.9604,N,01312.9283,E,0.24,265.31#CT    0.00  24.067   0.002   0.012   108.74     8.03   5.724 058
040624 100123.000,4604.9604,N,01312.9283,E,0.24,265.31#CT    0.00  24.073   0.002   0.012   108.74     8.03   5.721 058
040624 100124.000,4604.9603,N,01312.9284,E,0.42,265.31#CT    0.00  24.075   0.002   0.012   108.74     8.03   5.721 060
040624 100124.000,4604.9603,N,01312.9284,E,0.42,265.31#CT    0.00  24.076   0.002   0.012   108.74     8.03   5.719 052
040624 100125.000,4604.9602,N,01312.9285,E,0.48,265.31#CT    0.00  24.076   0.002   0.012   105.13     8.82   5.719 049
040624 100125.000,4604.9602,N,01312.9285,E,0.48,265.31#CT    0.00  24.075   0.002   0.012   105.13     8.82   5.719 050
040624 100126.000,4604.9602,N,01312.9288,E,0.13,265.31#CT    0.00  24.073   0.002   0.012   105.13     8.82   5.719 052
040624 100126.000,4604.9602,N,01312.9288,E,0.13,265.31#CT    0.00  24.073   0.002   0.012   105.13     8.82   5.719 052
040624 100127.000,4604.9602,N,01312.9290,E,0.28,265.31#CT    0.00  24.074   0.002   0.012   105.13     8.82   5.719 051
040624 100128.000,4604.9603,N,01312.9291,E,0.21,265.31#CT    0.00  24.075   0.002   0.012   105.19     8.82   5.719 056
040624 100128.000,4604.9603,N,01312.9291,E,0.21,265.31#CT    0.00  24.075   0.002   0.012   105.19     8.82   5.719 056
