050225 082638.000,4604.9502,N,01312.9345,E,0.09,315.73#CT    0.11  19.198   0.002   0.010   104.85     7.74   5.417 057
050225 082638.000,4604.9502,N,01312.9345,E,0.09,315.73#CT    0.11  19.198   0.002   0.010   104.85     7.74   5.513 060
050225 082639.000,4604.9504,N,01312.9347,E,0.05,315.73#CT    0.11  19.199   0.002   0.010   104.85     7.74   5.789 060
050225 082639.000,4604.9504,N,01312.9347,E,0.05,315.73#CT    0.11  19.198   0.002   0.010   104.85     7.74   5.882 057
050225 082640.000,4604.9507,N,01312.9353,E,0.10,315.73#CT    0.11  19.198   0.002   0.010   104.85     7.74   5.642 059
050225 082640.000,4604.9507,N,01312.9353,E,0.10,315.73#CT    0.11  19.199   0.002   0.010   105.46     9.73   5.451 061
050225 082641.000,4604.9516,N,01312.9348,E,0.15,315.73#CT    0.11  19.198   0.002   0.010   105.46     9.73   5.399 063
050225 082641.000,4604.9516,N,01312.9348,E,0.15,315.73#CT    0.11  19.198   0.002   0.010   105.46     9.73   5.395 051
050225 082642.000,4604.9520,N,01312.9347,E,0.14,315.73#CT    0.11  19.197   0.002   0.010   105.46     9.73   5.400 055
050225 082642.000,4604.9520,N,01312.9347,E,0.14,315.73#CT    0.11  19.197   0.002   0.010   105.46     9.73   5.401 054
050225 082643.000,4604.9526,N,01312.9348,E,0.22,315.73#CT    0.11  19.197   0.002   0.010   105.46     9.73   5.396 063
050225 082643.000,4604.9526,N,01312.9348,E,0.22,315.73#CT    0.11  19.196   0.002   0.010   105.46     9.73   5.383 058
050225 082644.000,4604.9516,N,01312.9345,E,0.11,315.73#CT    0.11  19.194   0.002   0.010   105.46     9.73   5.373 055
050225 082644.000,4604.9516,N,01312.9345,E,0.11,315.73#CT    0.11  19.195   0.002   0.010   105.46     9.73   5.368 060
050225 082645.000,4604.9512,N,01312.9344,E,0.08,315.73#CT    0.11  19.196   0.002   0.010   105.46     9.73   5.367 048
050225 082645.000,4604.9512,N,01312.9344,E,0.08,315.73#CT    0.11  19.196   0.002   0.010   105.46     9.73   5.368 063
050225 082646.000,4604.9515,N,01312.9337,E,0.10,315.73#CT    0.11  19.195   0.002   0.010   105.46     9.73   5.369 061
