050225 145418.000,4604.9467,N,01312.9291,E,0.14,178.80#CT    0.11  20.462   0.002   0.010   106.42     7.86   7.634 054
050225 145418.000,4604.9467,N,01312.9291,E,0.14,178.80#CT    0.11  20.466   0.002   0.010   106.42     7.86   7.575 052
050225 145419.000,4604.9463,N,01312.9297,E,0.09,178.80#CT    0.11  20.469   0.002   0.010   106.42     7.86   7.549 052
050225 145419.000,4604.9463,N,01312.9297,E,0.09,178.80#CT    0.11  20.470   0.002   0.010   106.42     7.86   7.542 055
050225 145420.000,4604.9464,N,01312.9295,E,0.10,178.80#CT    0.11  20.469   0.002   0.010   106.42     7.86   7.538 050
050225 145421.000,4604.9462,N,01312.9292,E,0.18,178.80#CT    0.11  20.470   0.002   0.010   105.93     9.53   7.535 062
050225 145421.000,4604.9462,N,01312.9292,E,0.18,178.80#CT    0.11  20.471   0.002   0.010   105.93     9.53   7.532 056
050225 145421.000,4604.9462,N,01312.9292,E,0.18,178.80#CT    0.11  20.471   0.002   0.010   105.93     9.53   7.529 050
050225 145422.000,4604.9466,N,01312.9295,E,0.11,178.80#CT    0.11  20.471   0.002   0.010   105.93     9.53   7.526 061
050225 145423.000,4604.9465,N,01312.9293,E,0.08,178.80#CT    0.11  20.471   0.002   0.010   105.93     9.53   7.523 056
050225 145423.000,4604.9465,N,01312.9293,E,0.08,178.80#CT    0.11  20.471   0.002   0.010   105.87     9.52   7.520 063
050225 145424.000,4604.9465,N,01312.9293,E,0.14,178.80#CT    0.11  20.471   0.002   0.010   105.87     9.52   7.518 052
050225 145424.000,4604.9465,N,01312.9293,E,0.14,178.80#CT    0.11  20.471   0.002   0.010   105.87     9.52   7.515 057
050225 145425.000,4604.9465,N,01312.9300,E,0.09,178.80#CT    0.11  20.471   0.002   0.010   105.87     9.52   7.512 062
050225 145425.000,4604.9465,N,01312.9300,E,0.09,178.80#CT    0.11  20.471   0.002   0.010   105.87     9.52   7.509 052
050225 145426.000,4604.9466,N,01312.9304,E,0.04,178.80#CT    0.11  20.471   0.002   0.010   106.01     9.53   7.506 055
050225 145426.000,4604.9466,N,01312.9304,E,0.04,178.80#CT    0.11  20.471   0.002   0.010   106.01     9.53   7.503 050
050225 145427.000,4604.9467,N,01312.9313,E,0.78,168.31#CT    0.11  20.470   0.002   0.010   106.01     9.53   7.500 048
050225 145427.000,4604.9467,N,01312.9313,E,0.78,168.31#CT    0.11  20.469   0.002   0.010   106.01     9.53   7.497 055
050225 145428.000,4604.9462,N,01312.9311,E,1.32,201.58#CT    0.11  20.468   0.002   0.010   106.01     9.53   7.494 053
050225 145428.000,4604.9462,N,01312.9311,E,1.32,201.58#CT    0.11  20.468   0.002   0.010   105.93     9.53   7.495 060
050225 145429.000,4604.9464,N,01312.9317,E,0.61,177.69#CT    0.11  20.468   0.002   0.010   105.93     9.53   7.497 062
050225 145429.000,4604.9464,N,01312.9317,E,0.61,177.69#CT    0.11  20.467   0.002   0.010   105.93     9.53   7.488 063
050225 145430.000,4604.9457,N,01312.9322,E,1.19,148.83#CT    0.11  20.467   0.002   0.010   105.93     9.53   7.470 056
050225 145430.000,4604.9457,N,01312.9322,E,1.19,148.83#CT    0.11  20.466   0.002   0.010   105.93     9.53   7.442 056
050225 145431.000,4604.9458,N,01312.9331,E,0.97,104.00#CT    0.11  20.466   0.002   0.010   106.01     9.53   7.423 055
050225 145431.000,4604.9458,N,01312.9331,E,0.97,104.00#CT    0.11  20.466   0.002   0.010   106.01     9.53   7.416 049
050225 145432.000,4604.9451,N,01312.9330,E,0.86,124.49#CT    0.11  20.465   0.002   0.010   106.01     9.53   7.410 052
050225 145432.000,4604.9451,N,01312.9330,E,0.86,124.49#CT    0.11  20.465   0.002   0.010   106.01     9.53   7.406 051
050225 145433.000,4604.9454,N,01312.9331,E,0.27,124.49#CT    0.11  20.465   0.002   0.010   106.01     9.53   7.399 050
050225 145433.000,4604.9454,N,01312.9331,E,0.27,124.49#CT    0.11  20.464   0.002   0.010   106.08     9.54   7.392 054
050225 145434.000,4604.9455,N,01312.9329,E,0.61,342.13#CT    0.11  20.463   0.002   0.010   106.08     9.54   7.387 053
050225 145434.000,4604.9455,N,01312.9329,E,0.61,342.13#CT    0.11  20.463   0.002   0.010   106.08     9.54   7.384 054
050225 145435.000,4604.9454,N,01312.9328,E,0.33,342.13#CT    0.11  20.462   0.002   0.010   106.08     9.54   7.381 050
050225 145435.000,4604.9454,N,01312.9328,E,0.33,342.13#CT    0.11  20.463   0.002   0.010   106.08     9.54   7.379 052
050225 145436.000,4604.9448,N,01312.9333,E,0.96,116.87#CT    0.11  20.463   0.002   0.010   105.90     9.52   7.377 062
050225 145436.000,4604.9448,N,01312.9333,E,0.96,116.87#CT    0.11  20.463   0.002   0.010   105.90     9.52   7.375 060
050225 145437.000,4604.9449,N,01312.9337,E,0.81,84.38#CT    0.11  20.463   0.002   0.010   105.90     9.52   7.372 059
050225 145437.000,4604.9449,N,01312.9337,E,0.81,84.38#CT    0.11  20.463   0.002   0.010   105.90     9.52   7.370 057
050225 145438.000,4604.9453,N,01312.9335,E,1.19,42.73#CT    0.11  20.464   0.002   0.010   105.90     9.52   7.367 056
050225 145438.000,4604.9453,N,01312.9335,E,1.19,42.73#CT    0.11  20.464   0.002   0.010   105.93     9.53   7.365 056
050225 145439.000,4604.9454,N,01312.9324,E,1.54,322.99#CT    0.11  20.464   0.002   0.010   105.93     9.53   7.362 063
050225 145439.000,4604.9454,N,01312.9324,E,1.54,322.99#CT    0.11  20.463   0.002   0.010   105.93     9.53   7.360 058
050225 145440.000,4604.9457,N,01312.9322,E,1.83,319.94#CT    0.11  20.463   0.002   0.010   105.93     9.53   7.358 049
050225 145440.000,4604.9457,N,01312.9322,E,1.83,319.94#CT    0.11  20.462   0.002   0.010   105.93     9.53   7.355 061
050225 145441.000,4604.9447,N,01312.9314,E,1.41,195.40#CT    0.11  20.462   0.002   0.010   105.98     9.53   7.353 048
050225 145441.000,4604.9447,N,01312.9314,E,1.41,195.40#CT    0.11  20.463   0.002   0.010   105.98     9.53   7.351 051
050225 145442.000,4604.9449,N,01312.9316,E,1.33,156.29#CT    0.11  20.462   0.002   0.010   105.98     9.53   7.349 059
050225 145442.000,4604.9449,N,01312.9316,E,1.33,156.29#CT    0.11  20.463   0.002   0.010   105.98     9.53   7.346 053
050225 145443.000,4604.9443,N,01312.9311,E,1.76,156.29#CT    0.11  20.463   0.002   0.010   105.98     9.53   7.344 055
050225 145444.000,4604.9438,N,01312.9301,E,1.60,156.29#CT    0.11  20.463   0.002   0.010   105.94     9.53   7.342 061
050225 145444.000,4604.9438,N,01312.9301,E,1.60,156.29#CT    0.11  20.462   0.002   0.010   105.94     9.53   7.339 048
050225 145444.000,4604.9438,N,01312.9301,E,1.60,156.29#CT    0.11  20.463   0.002   0.010   105.94     9.53   7.337 063
050225 145445.000,4604.9439,N,01312.9292,E,0.84,156.29#CT    0.11  20.462   0.002   0.010   105.94     9.53   7.335 060
050225 145445.000,4604.9439,N,01312.9292,E,0.84,156.29#CT    0.11  20.462   0.002   0.010   105.94     9.53   7.332 059
050225 145446.000,4604.9440,N,01312.9284,E,0.47,156.29#CT    0.11  20.462   0.002   0.010   105.94     9.53   7.330 057
050225 145446.000,4604.9440,N,01312.9284,E,0.47,156.29#CT    0.11  20.462   0.002   0.010   105.94     9.53   7.328 048
050225 145447.000,4604.9441,N,01312.9281,E,0.05,156.29#CT    0.11  20.462   0.002   0.010   105.94     9.53   7.326 062
050225 145447.000,4604.9441,N,01312.9281,E,0.05,156.29#CT    0.11  20.461   0.002   0.010   105.94     9.53   7.324 063
050225 145448.000,4604.9441,N,01312.9276,E,0.30,156.29#CT    0.11  20.461   0.002   0.010   105.94     9.53   7.321 058
050225 145449.000,4604.9447,N,01312.9273,E,1.07,156.29#CT    0.11  20.461   0.002   0.010   105.89     9.52   7.319 060
050225 145449.000,4604.9447,N,01312.9273,E,1.07,156.29#CT    0.11  20.461   0.002   0.010   105.89     9.52   7.317 050
050225 145450.000,4604.9453,N,01312.9269,E,1.58,156.29#CT    0.11  20.461   0.002   0.010   105.89     9.52   7.315 048
050225 145450.000,4604.9453,N,01312.9269,E,1.58,156.29#CT    0.11  20.460   0.002   0.010   105.89     9.52   7.313 055
050225 145451.000,4604.9448,N,01312.9272,E,0.06,156.29#CT    0.11  20.459   0.002   0.010   105.89     9.52   7.311 063
050225 145451.000,4604.9448,N,01312.9272,E,0.06,156.29#CT    0.11  20.458   0.002   0.010   105.95     9.53   7.308 058
050225 145452.000,4604.9444,N,01312.9276,E,0.15,156.29#CT    0.11  20.458   0.002   0.010   105.95     9.53   7.306 052
050225 145452.000,4604.9444,N,01312.9276,E,0.15,156.29#CT    0.11  20.457   0.002   0.010   105.95     9.53   7.304 057
050225 145453.000,4604.9442,N,01312.9272,E,0.03,156.29#CT    0.11  20.456   0.002   0.010   105.95     9.53   7.302 062
050225 145453.000,4604.9442,N,01312.9272,E,0.03,156.29#CT    0.11  20.456   0.002   0.010   105.95     9.53   7.300 060
050225 145454.000,4604.9435,N,01312.9270,E,0.11,156.29#CT    0.11  20.456   0.002   0.010   105.93     9.53   7.297 053
050225 145454.000,4604.9435,N,01312.9270,E,0.11,156.29#CT    0.11  20.456   0.002   0.010   105.93     9.53   7.295 055
050225 145455.000,4604.9434,N,01312.9273,E,0.09,156.29#CT    0.11  20.455   0.002   0.010   105.93     9.53   7.293 050
050225 145455.000,4604.9434,N,01312.9273,E,0.09,156.29#CT    0.11  20.454   0.002   0.010   105.93     9.53   7.291 049
050225 145456.000,4604.9438,N,01312.9273,E,0.04,156.29#CT    0.11  20.454   0.002   0.010   105.93     9.53   7.288 057
050225 145456.000,4604.9438,N,01312.9273,E,0.04,156.29#CT    0.11  20.453   0.002   0.010   105.80     9.52   7.286 051
050225 145457.000,4604.9437,N,01312.9273,E,0.10,156.29#CT    0.11  20.454   0.002   0.010   105.80     9.52   7.284 054
050225 145457.000,4604.9437,N,01312.9273,E,0.10,156.29#CT    0.11  20.454   0.002   0.010   105.80     9.52   7.282 048
050225 145458.000,4604.9440,N,01312.9273,E,0.08,156.29#CT    0.11  20.453   0.002   0.010   105.80     9.52   7.279 051
050225 145458.000,4604.9440,N,01312.9273,E,0.08,156.29#CT    0.11  20.453   0.002   0.010   105.80     9.52   7.277 061
050225 145459.000,4604.9435,N,01312.9273,E,0.09,156.29#CT    0.11  20.453   0.002   0.010   105.99     9.53   7.275 054
050225 145459.000,4604.9435,N,01312.9273,E,0.09,156.29#CT    0.11  20.452   0.002   0.010   105.99     9.53   7.273 049
050225 145500.000,4604.9436,N,01312.9269,E,0.06,156.29#CT    0.11  20.453   0.002   0.010   105.99     9.53   7.271 050
050225 145500.000,4604.9436,N,01312.9269,E,0.06,156.29#CT    0.11  20.453   0.002   0.010   105.99     9.53   7.269 059
050225 145501.000,4604.9452,N,01312.9280,E,0.06,156.29#CT    0.11  20.453   0.002   0.010   105.99     9.53   7.267 053
050225 145501.000,4604.9452,N,01312.9280,E,0.06,156.29#CT    0.11  20.453   0.002   0.010   105.87     9.52   7.264 056
050225 145502.000,4604.9472,N,01312.9291,E,1.66,156.29#CT    0.11  20.453   0.002   0.010   105.87     9.52   7.262 062
050225 145502.000,4604.9472,N,01312.9291,E,1.66,156.29#CT    0.11  20.453   0.002   0.010   105.87     9.52   7.261 061
050225 145503.000,4604.9481,N,01312.9294,E,1.61,156.29#CT    0.11  20.453   0.002   0.010   105.87     9.52   7.261 061
050225 145503.000,4604.9481,N,01312.9294,E,1.61,156.29#CT    0.11  20.453   0.002   0.010   105.87     9.52   7.260 060
050225 145504.000,4604.9497,N,01312.9301,E,1.99,156.29#CT    0.11  20.453   0.002   0.010   105.92     9.53   7.269 048
050225 145504.000,4604.9497,N,01312.9301,E,1.99,156.29#CT    0.11  20.453   0.002   0.010   105.92     9.53   7.282 053
050225 145505.000,4604.9501,N,01312.9307,E,0.02,156.29#CT    0.11  20.453   0.002   0.010   105.92     9.53   7.285 050
050225 145505.000,4604.9501,N,01312.9307,E,0.02,156.29#CT    0.11  20.453   0.002   0.010   105.92     9.53   7.286 049
050225 145506.000,4604.9502,N,01312.9307,E,0.05,156.29#CT    0.11  20.453   0.002   0.010   105.92     9.53   7.280 055
050225 145506.000,4604.9502,N,01312.9307,E,0.05,156.29#CT    0.11  20.452   0.002   0.010   106.04     9.54   7.276 052
050225 145507.000,4604.9498,N,01312.9307,E,0.12,156.29#CT    0.11  20.452   0.002   0.010   106.04     9.54   7.272 048
050225 145507.000,4604.9498,N,01312.9307,E,0.12,156.29#CT    0.11  20.453   0.002   0.010   106.04     9.54   7.274 055
050225 145508.000,4604.9496,N,01312.9304,E,0.10,156.29#CT    0.11  20.453   0.002   0.010   106.04     9.54   7.274 055
050225 145508.000,4604.9496,N,01312.9304,E,0.10,156.29#CT    0.11  20.453   0.002   0.010   106.04     9.54   7.276 053
050225 145509.000,4604.9498,N,01312.9304,E,0.03,156.29#CT    0.11  20.452   0.002   0.010   105.97     9.53   7.277 059
050225 145509.000,4604.9498,N,01312.9304,E,0.03,156.29#CT    0.11  20.453   0.002   0.010   105.97     9.53   7.278 053
050225 145510.000,4604.9500,N,01312.9304,E,0.06,156.29#CT    0.11  20.452   0.002   0.010   105.97     9.53   7.278 052
050225 145510.000,4604.9500,N,01312.9304,E,0.06,156.29#CT    0.11  20.450   0.002   0.010   105.97     9.53   7.275 059
050225 145511.000,4604.9499,N,01312.9304,E,0.04,156.29#CT    0.11  20.450   0.002   0.010   105.97     9.53   7.272 060
050225 145511.000,4604.9499,N,01312.9304,E,0.04,156.29#CT    0.11  20.449   0.002   0.010   106.04     9.54   7.270 056
050225 145512.000,4604.9495,N,01312.9311,E,0.06,156.29#CT    0.11  20.449   0.002   0.010   106.04     9.54   7.267 062
050225 145512.000,4604.9495,N,01312.9311,E,0.06,156.29#CT    0.11  20.449   0.002   0.010   106.04     9.54   7.265 060
050225 145513.000,4604.9493,N,01312.9320,E,0.09,156.29#CT    0.11  20.449   0.002   0.010   106.04     9.54   7.262 059
050225 145513.000,4604.9493,N,01312.9320,E,0.09,156.29#CT    0.11  20.449   0.002   0.010   106.04     9.54   7.260 057
050225 145514.000,4604.9491,N,01312.9328,E,0.07,156.29#CT    0.11  20.449   0.002   0.010   106.05     9.54   7.257 060
050225 145514.000,4604.9491,N,01312.9328,E,0.07,156.29#CT    0.11  20.449   0.002   0.010   106.05     9.54   7.255 062
050225 145515.000,4604.9491,N,01312.9327,E,0.07,156.29#CT    0.11  20.449   0.002   0.010   106.05     9.54   7.252 057
050225 145515.000,4604.9491,N,01312.9327,E,0.07,156.29#CT    0.11  20.448   0.002   0.010   106.05     9.54   7.251 059
050225 145516.000,4604.9488,N,01312.9333,E,0.02,156.29#CT    0.11  20.448   0.002   0.010   106.05     9.54   7.248 051
050225 145517.000,4604.9485,N,01312.9334,E,0.03,156.29#CT    0.11  20.447   0.002   0.010   106.00     9.54   7.246 055
050225 145517.000,4604.9485,N,01312.9334,E,0.03,156.29#CT    0.11  20.447   0.002   0.010   106.00     9.54   7.244 053
050225 145517.000,4604.9485,N,01312.9334,E,0.03,156.29#CT    0.11  20.447   0.002   0.010   106.00     9.54   7.242 051
050225 145518.000,4604.9478,N,01312.9341,E,0.05,156.29#CT    0.11  20.447   0.002   0.010   106.00     9.54   7.240 049
050225 145518.000,4604.9478,N,01312.9341,E,0.05,156.29#CT    0.11  20.447   0.002   0.010   106.00     9.54   7.238 062
050225 145519.000,4604.9475,N,01312.9352,E,0.04,156.29#CT    0.11  20.447   0.002   0.010   106.00     9.54   7.235 051
050225 145520.000,4604.9478,N,01312.9354,E,0.05,156.29#CT    0.11  20.447   0.002   0.010   106.00     9.54   7.233 053
050225 145520.000,4604.9478,N,01312.9354,E,0.05,156.29#CT    0.11  20.448   0.002   0.010   106.00     9.54   7.231 056
050225 145521.000,4604.9484,N,01312.9362,E,0.06,156.29#CT    0.11  20.449   0.002   0.010   106.00     9.54   7.228 049
050225 145521.000,4604.9484,N,01312.9362,E,0.06,156.29#CT    0.11  20.448   0.002   0.010   106.00     9.54   7.228 048
050225 145522.000,4604.9488,N,01312.9361,E,0.02,156.29#CT    0.11  20.448   0.002   0.010   105.84     9.52   7.230 048
050225 145522.000,4604.9488,N,01312.9361,E,0.02,156.29#CT    0.11  20.448   0.002   0.010   105.84     9.52   7.224 053
050225 145523.000,4604.9488,N,01312.9361,E,0.04,156.29#CT    0.11  20.449   0.002   0.010   105.84     9.52   7.220 048
050225 145523.000,4604.9488,N,01312.9361,E,0.04,156.29#CT    0.11  20.450   0.002   0.010   105.84     9.52   7.217 060
050225 145524.000,4604.9488,N,01312.9367,E,1.02,156.29#CT    0.11  20.450   0.002   0.010   105.84     9.52   7.215 062
050225 145524.000,4604.9488,N,01312.9367,E,1.02,156.29#CT    0.11  20.450   0.002   0.010   105.96     9.53   7.212 059
050225 145525.000,4604.9487,N,01312.9369,E,0.94,156.29#CT    0.11  20.450   0.002   0.010   105.96     9.53   7.211 056
050225 145525.000,4604.9487,N,01312.9369,E,0.94,156.29#CT    0.11  20.451   0.002   0.010   105.96     9.53   7.209 048
050225 145526.000,4604.9483,N,01312.9365,E,1.49,156.29#CT    0.11  20.451   0.002   0.010   105.96     9.53   7.207 062
050225 145526.000,4604.9483,N,01312.9365,E,1.49,156.29#CT    0.11  20.451   0.002   0.010   105.96     9.53   7.205 060
050225 145527.000,4604.9473,N,01312.9374,E,1.14,156.29#CT    0.11  20.451   0.002   0.010   105.98     9.53   7.202 053
050225 145527.000,4604.9473,N,01312.9374,E,1.14,156.29#CT    0.11  20.452   0.002   0.010   105.98     9.53   7.200 052
050225 145528.000,4604.9464,N,01312.9385,E,1.47,131.75#CT    0.11  20.452   0.002   0.010   105.98     9.53   7.198 054
050225 145528.000,4604.9464,N,01312.9385,E,1.47,131.75#CT    0.11  20.452   0.002   0.010   105.98     9.53   7.196 056
050225 145529.000,4604.9456,N,01312.9390,E,0.92,152.76#CT    0.11  20.452   0.002   0.010   105.98     9.53   7.194 058
050225 145529.000,4604.9456,N,01312.9390,E,0.92,152.76#CT    0.11  20.452   0.002   0.010   106.03     9.54   7.192 058
050225 145530.000,4604.9461,N,01312.9388,E,0.27,152.76#CT    0.11  20.453   0.002   0.010   106.03     9.54   7.190 057
050225 145530.000,4604.9461,N,01312.9388,E,0.27,152.76#CT    0.11  20.453   0.002   0.010   106.03     9.54   7.188 048
050225 145531.000,4604.9461,N,01312.9383,E,0.91,233.57#CT    0.11  20.453   0.002   0.010   106.03     9.54   7.186 062
050225 145531.000,4604.9461,N,01312.9383,E,0.91,233.57#CT    0.11  20.452   0.002   0.010   106.03     9.54   7.186 063
050225 145532.000,4604.9463,N,01312.9376,E,1.47,246.14#CT    0.11  20.452   0.002   0.010   106.02     9.54   7.184 060
050225 145532.000,4604.9463,N,01312.9376,E,1.47,246.14#CT    0.11  20.450   0.002   0.010   106.02     9.54   7.181 059
050225 145533.000,4604.9468,N,01312.9371,E,0.78,292.08#CT    0.11  20.449   0.002   0.010   106.02     9.54   7.178 053
050225 145533.000,4604.9468,N,01312.9371,E,0.78,292.08#CT    0.11  20.449   0.002   0.010   106.02     9.54   7.176 059
050225 145534.000,4604.9470,N,01312.9368,E,0.66,297.64#CT    0.11  20.450   0.002   0.010   106.02     9.54   7.174 049
050225 145534.000,4604.9470,N,01312.9368,E,0.66,297.64#CT    0.11  20.449   0.002   0.010   105.97     9.53   7.173 054
050225 145535.000,4604.9468,N,01312.9368,E,0.54,297.64#CT    0.11  20.448   0.002   0.010   105.97     9.53   7.171 053
050225 145535.000,4604.9468,N,01312.9368,E,0.54,297.64#CT    0.11  20.448   0.002   0.010   105.97     9.53   7.169 060
050225 145536.000,4604.9469,N,01312.9366,E,0.41,297.64#CT    0.11  20.447   0.002   0.010   105.97     9.53   7.167 061
050225 145536.000,4604.9469,N,01312.9366,E,0.41,297.64#CT    0.11  20.446   0.002   0.010   105.97     9.53   7.165 062
050225 145537.000,4604.9468,N,01312.9365,E,0.81,205.19#CT    0.11  20.447   0.002   0.010   106.07     9.54   7.163 052
050225 145537.000,4604.9468,N,01312.9365,E,0.81,205.19#CT    0.11  20.447   0.002   0.010   106.07     9.54   7.161 054
050225 145538.000,4604.9466,N,01312.9361,E,1.11,216.41#CT    0.11  20.446   0.002   0.010   106.07     9.54   7.159 060
050225 145538.000,4604.9466,N,01312.9361,E,1.11,216.41#CT    0.11  20.446   0.002   0.010   106.07     9.54   7.157 050
050225 145539.000,4604.9466,N,01312.9365,E,0.74,129.64#CT    0.11  20.445   0.002   0.010   106.07     9.54   7.155 051
050225 145539.000,4604.9466,N,01312.9365,E,0.74,129.64#CT    0.11  20.444   0.002   0.010   106.08     9.54   7.154 060
050225 145540.000,4604.9465,N,01312.9363,E,0.81,178.35#CT    0.11  20.445   0.002   0.010   106.08     9.54   7.151 056
050225 145540.000,4604.9465,N,01312.9363,E,0.81,178.35#CT    0.11  20.444   0.002   0.010   106.08     9.54   7.149 048
050225 145541.000,4604.9463,N,01312.9363,E,0.85,172.44#CT    0.11  20.444   0.002   0.010   106.08     9.54   7.148 049
050225 145541.000,4604.9463,N,01312.9363,E,0.85,172.44#CT    0.11  20.444   0.002   0.010   106.08     9.54   7.146 063
050225 145542.000,4604.9460,N,01312.9364,E,1.33,171.63#CT    0.11  20.443   0.002   0.010   105.98     9.54   7.144 048
050225 145542.000,4604.9460,N,01312.9364,E,1.33,171.63#CT    0.11  20.443   0.002   0.010   105.98     9.54   7.142 054
050225 145543.000,4604.9458,N,01312.9366,E,1.47,155.15#CT    0.11  20.443   0.002   0.010   105.98     9.54   7.140 052
050225 145543.000,4604.9458,N,01312.9366,E,1.47,155.15#CT    0.11  20.443   0.002   0.010   105.98     9.54   7.138 059
050225 145544.000,4604.9459,N,01312.9362,E,1.50,189.02#CT    0.11  20.443   0.002   0.010   105.98     9.54   7.136 053
050225 145545.000,4604.9459,N,01312.9360,E,1.05,183.26#CT    0.11  20.442   0.002   0.010   105.86     9.52   7.134 063
050225 145545.000,4604.9459,N,01312.9360,E,1.05,183.26#CT    0.11  20.443   0.002   0.010   105.86     9.52   7.132 056
050225 145545.000,4604.9459,N,01312.9360,E,1.05,183.26#CT    0.11  20.443   0.002   0.010   105.86     9.52   7.130 058
050225 145546.000,4604.9462,N,01312.9363,E,0.76,121.71#CT    0.11  20.443   0.002   0.010   105.86     9.52   7.128 051
050225 145546.000,4604.9462,N,01312.9363,E,0.76,121.71#CT    0.11  20.443   0.002   0.010   105.86     9.52   7.126 061
050225 145547.000,4604.9467,N,01312.9363,E,0.43,121.71#CT    0.11  20.443   0.002   0.010   106.00     9.54   7.124 052
050225 145547.000,4604.9467,N,01312.9363,E,0.43,121.71#CT    0.11  20.444   0.002   0.010   106.00     9.54   7.122 053
050225 145548.000,4604.9469,N,01312.9362,E,0.39,121.71#CT    0.11  20.444   0.002   0.010   106.00     9.54   7.120 055
050225 145548.000,4604.9469,N,01312.9362,E,0.39,121.71#CT    0.11  20.444   0.002   0.010   106.00     9.54   7.118 060
050225 145549.000,4604.9470,N,01312.9361,E,0.61,166.05#CT    0.11  20.444   0.002   0.010   106.00     9.54   7.116 050
050225 145550.000,4604.9473,N,01312.9359,E,0.43,166.05#CT    0.11  20.445   0.002   0.010   105.98     9.54   7.114 051
050225 145550.000,4604.9473,N,01312.9359,E,0.43,166.05#CT    0.11  20.446   0.002   0.010   105.98     9.54   7.112 054
050225 145551.000,4604.9477,N,01312.9362,E,0.60,101.73#CT    0.11  20.446   0.002   0.010   105.98     9.54   7.110 052
050225 145551.000,4604.9477,N,01312.9362,E,0.60,101.73#CT    0.11  20.446   0.002   0.010   105.98     9.54   7.108 061
050225 145552.000,4604.9479,N,01312.9361,E,0.53,101.73#CT    0.11  20.446   0.002   0.010   105.98     9.54   7.106 051
050225 145552.000,4604.9479,N,01312.9361,E,0.53,101.73#CT    0.11  20.448   0.002   0.010   106.05     9.54   7.104 056
050225 145553.000,4604.9479,N,01312.9361,E,0.74,164.17#CT    0.11  20.449   0.002   0.010   106.05     9.54   7.102 063
050225 145553.000,4604.9479,N,01312.9361,E,0.74,164.17#CT    0.11  20.450   0.002   0.010   106.05     9.54   7.100 053
050225 145554.000,4604.9480,N,01312.9361,E,0.78,164.92#CT    0.11  20.449   0.002   0.010   106.05     9.54   7.099 060
050225 145554.000,4604.9480,N,01312.9361,E,0.78,164.92#CT    0.11  20.450   0.002   0.010   106.05     9.54   7.097 058
050225 145555.000,4604.9484,N,01312.9355,E,0.42,164.92#CT    0.11  20.451   0.002   0.010   105.97     9.53   7.095 054
050225 145555.000,4604.9484,N,01312.9355,E,0.42,164.92#CT    0.11  20.450   0.002   0.010   105.97     9.53   7.093 049
050225 145556.000,4604.9486,N,01312.9354,E,0.38,164.92#CT    0.11  20.452   0.002   0.010   105.97     9.53   7.091 049
050225 145556.000,4604.9486,N,01312.9354,E,0.38,164.92#CT    0.11  20.452   0.002   0.010   105.97     9.53   7.089 056
050225 145557.000,4604.9483,N,01312.9351,E,1.10,215.02#CT    0.11  20.452   0.002   0.010   105.97     9.53   7.087 054
050225 145557.000,4604.9483,N,01312.9351,E,1.10,215.02#CT    0.11  20.452   0.002   0.010   105.79     9.52   7.085 053
050225 145558.000,4604.9480,N,01312.9347,E,1.57,212.38#CT    0.11  20.453   0.002   0.010   105.79     9.52   7.083 050
050225 145558.000,4604.9480,N,01312.9347,E,1.57,212.38#CT    0.11  20.454   0.002   0.010   105.79     9.52   7.081 055
050225 145559.000,4604.9483,N,01312.9343,E,0.87,233.61#CT    0.11  20.455   0.002   0.010   105.79     9.52   7.080 055
050225 145559.000,4604.9483,N,01312.9343,E,0.87,233.61#CT    0.11  20.455   0.002   0.010   105.79     9.52   7.078 048
050225 145600.000,4604.9480,N,01312.9357,E,1.18,76.98#CT    0.11  20.456   0.002   0.010   105.88     9.52   7.076 051
050225 145600.000,4604.9480,N,01312.9357,E,1.18,76.98#CT    0.11  20.456   0.002   0.010   105.88     9.52   7.074 049
050225 145601.000,4604.9470,N,01312.9369,E,0.98,115.50#CT    0.11  20.457   0.002   0.010   105.88     9.52   7.072 054
050225 145601.000,4604.9470,N,01312.9369,E,0.98,115.50#CT    0.11  20.458   0.002   0.010   105.88     9.52   7.070 059
050225 145602.000,4604.9470,N,01312.9377,E,0.71,104.53#CT    0.11  20.459   0.002   0.010   105.88     9.52   7.069 050
050225 145602.000,4604.9470,N,01312.9377,E,0.71,104.53#CT    0.11  20.459   0.002   0.010   106.01     9.54   7.067 056
050225 145603.000,4604.9463,N,01312.9386,E,1.85,128.77#CT    0.11  20.460   0.002   0.010   106.01     9.54   7.065 048
050225 145603.000,4604.9463,N,01312.9386,E,1.85,128.77#CT    0.11  20.460   0.002   0.010   106.01     9.54   7.064 049
050225 145604.000,4604.9457,N,01312.9393,E,1.39,146.13#CT    0.11  20.460   0.002   0.010   106.01     9.54   7.062 055
050225 145604.000,4604.9457,N,01312.9393,E,1.39,146.13#CT    0.11  20.460   0.002   0.010   106.01     9.54   7.060 053
050225 145605.000,4604.9453,N,01312.9391,E,1.64,175.81#CT    0.11  20.460   0.002   0.010   106.08     9.54   7.058 055
050225 145605.000,4604.9453,N,01312.9391,E,1.64,175.81#CT    0.11  20.461   0.002   0.010   106.08     9.54   7.057 057
050225 145606.000,4604.9449,N,01312.9396,E,1.42,154.27#CT    0.11  20.462   0.002   0.010   106.08     9.54   7.055 056
050225 145606.000,4604.9449,N,01312.9396,E,1.42,154.27#CT    0.11  20.462   0.002   0.010   106.08     9.54   7.053 062
050225 145607.000,4604.9448,N,01312.9394,E,1.17,178.08#CT    0.11  20.462   0.002   0.010   106.08     9.54   7.051 060
050225 145607.000,4604.9448,N,01312.9394,E,1.17,178.08#CT    0.11  20.462   0.002   0.010   106.03     9.54   7.049 062
050225 145608.000,4604.9454,N,01312.9385,E,0.88,178.08#CT    0.11  20.462   0.002   0.010   106.03     9.54   7.046 049
050225 145608.000,4604.9454,N,01312.9385,E,0.88,178.08#CT    0.11  20.462   0.002   0.010   106.03     9.54   7.044 051
050225 145609.000,4604.9449,N,01312.9380,E,1.62,178.08#CT    0.11  20.462   0.002   0.010   106.03     9.54   7.042 053
050225 145609.000,4604.9449,N,01312.9380,E,1.62,178.08#CT    0.11  20.462   0.002   0.010   106.03     9.54   7.041 054
050225 145610.000,4604.9449,N,01312.9374,E,1.59,178.08#CT    0.11  20.463   0.002   0.010   105.96     9.53   7.039 048
050225 145610.000,4604.9449,N,01312.9374,E,1.59,178.08#CT    0.11  20.463   0.002   0.010   105.96     9.53   7.038 049
050225 145611.000,4604.9445,N,01312.9372,E,0.92,178.08#CT    0.11  20.462   0.002   0.010   105.96     9.53   7.036 062
050225 145611.000,4604.9445,N,01312.9372,E,0.92,178.08#CT    0.11  20.462   0.002   0.010   105.96     9.53   7.034 060
050225 145612.000,4604.9444,N,01312.9378,E,0.89,178.08#CT    0.11  20.463   0.002   0.010   105.96     9.53   7.032 059
050225 145612.000,4604.9444,N,01312.9378,E,0.89,178.08#CT    0.11  20.462   0.002   0.010   105.95     9.53   7.034 063
050225 145613.000,4604.9442,N,01312.9385,E,1.14,178.08#CT    0.11  20.462   0.002   0.010   105.95     9.53   7.036 061
050225 145613.000,4604.9442,N,01312.9385,E,1.14,178.08#CT    0.11  20.462   0.002   0.010   105.95     9.53   7.033 056
050225 145614.000,4604.9441,N,01312.9386,E,0.61,178.08#CT    0.11  20.463   0.002   0.010   105.95     9.53   7.033 057
050225 145614.000,4604.9441,N,01312.9386,E,0.61,178.08#CT    0.11  20.462   0.002   0.010   105.95     9.53   7.031 058
050225 145615.000,4604.9441,N,01312.9384,E,0.82,178.08#CT    0.11  20.462   0.002   0.010   105.89     9.52   7.028 062
050225 145615.000,4604.9441,N,01312.9384,E,0.82,178.08#CT    0.11  20.462   0.002   0.010   105.89     9.52   7.026 048
050225 145616.000,4604.9439,N,01312.9385,E,0.79,178.08#CT    0.11  20.462   0.002   0.010   105.89     9.52   7.025 051
050225 145616.000,4604.9439,N,01312.9385,E,0.79,178.08#CT    0.11  20.462   0.002   0.010   105.89     9.52   7.022 052
050225 145617.000,4604.9442,N,01312.9384,E,0.18,178.08#CT    0.11  20.462   0.002   0.010   105.89     9.52   7.020 054
050225 145617.000,4604.9442,N,01312.9384,E,0.18,178.08#CT    0.11  20.461   0.002   0.010   105.97     9.53   7.018 048
050225 145618.000,4604.9445,N,01312.9384,E,0.52,178.08#CT    0.11  20.461   0.002   0.010   105.97     9.53   7.017 063
050225 145618.000,4604.9445,N,01312.9384,E,0.52,178.08#CT    0.11  20.461   0.002   0.010   105.97     9.53   7.015 061
050225 145619.000,4604.9446,N,01312.9380,E,0.30,178.08#CT    0.11  20.461   0.002   0.010   105.97     9.53   7.013 059
050225 145619.000,4604.9446,N,01312.9380,E,0.30,178.08#CT    0.11  20.460   0.002   0.010   105.97     9.53   7.011 056
050225 145620.000,4604.9445,N,01312.9379,E,0.68,178.08#CT    0.11  20.460   0.002   0.010   105.97     9.53   7.009 049
050225 145620.000,4604.9445,N,01312.9379,E,0.68,178.08#CT    0.11  20.459   0.002   0.010   105.97     9.53   7.008 058
050225 145621.000,4604.9449,N,01312.9379,E,0.70,178.08#CT    0.11  20.458   0.002   0.010   105.97     9.53   7.006 053
050225 145621.000,4604.9449,N,01312.9379,E,0.70,178.08#CT    0.11  20.458   0.002   0.010   105.97     9.53   7.004 055
050225 145622.000,4604.9448,N,01312.9379,E,0.65,178.08#CT    0.11  20.457   0.002   0.010   105.97     9.53   7.002 062
050225 145623.000,4604.9448,N,01312.9383,E,0.84,178.08#CT    0.11  20.457   0.002   0.010   105.92     9.53   7.001 056
050225 145623.000,4604.9448,N,01312.9383,E,0.84,178.08#CT    0.11  20.456   0.002   0.010   105.92     9.53   6.999 048
050225 145623.000,4604.9448,N,01312.9383,E,0.84,178.08#CT    0.11  20.456   0.002   0.010   105.92     9.53   6.997 062
050225 145624.000,4604.9462,N,01312.9365,E,1.21,178.08#CT    0.11  20.455   0.002   0.010   105.92     9.53   6.995 063
050225 145624.000,4604.9462,N,01312.9365,E,1.21,178.08#CT    0.11  20.455   0.002   0.010   105.92     9.53   6.994 062
050225 145625.000,4604.9469,N,01312.9353,E,0.89,178.08#CT    0.11  20.455   0.002   0.010   105.95     9.53   6.992 063
050225 145625.000,4604.9469,N,01312.9353,E,0.89,178.08#CT    0.11  20.454   0.002   0.010   105.95     9.53   6.990 060
050225 145626.000,4604.9471,N,01312.9351,E,0.91,178.08#CT    0.11  20.453   0.002   0.010   105.95     9.53   6.988 050
050225 145627.000,4604.9473,N,01312.9347,E,1.53,178.08#CT    0.11  20.452   0.002   0.010   105.95     9.53   6.987 060
050225 145627.000,4604.9473,N,01312.9347,E,1.53,178.08#CT    0.11  20.452   0.002   0.010   105.95     9.53   6.985 062
050225 145628.000,4604.9472,N,01312.9345,E,1.08,178.08#CT    0.11  20.452   0.002   0.010   105.95     9.53   6.983 056
050225 145628.000,4604.9472,N,01312.9345,E,1.08,178.08#CT    0.11  20.451   0.002   0.010   105.95     9.53   6.981 057
050225 145629.000,4604.9474,N,01312.9344,E,0.90,178.08#CT    0.11  20.451   0.002   0.010   105.95     9.53   6.980 056
050225 145629.000,4604.9474,N,01312.9344,E,0.90,178.08#CT    0.11  20.451   0.002   0.010   105.95     9.53   6.978 063
050225 145630.000,4604.9470,N,01312.9344,E,0.46,178.08#CT    0.11  20.451   0.002   0.010   105.95     9.53   6.976 049
050225 145630.000,4604.9470,N,01312.9344,E,0.46,178.08#CT    0.11  20.449   0.002   0.010   105.82     9.52   6.974 061
050225 145631.000,4604.9479,N,01312.9339,E,1.02,178.08#CT    0.11  20.449   0.002   0.010   105.82     9.52   6.973 058
050225 145631.000,4604.9479,N,01312.9339,E,1.02,178.08#CT    0.11  20.450   0.002   0.010   105.82     9.52   6.971 048
050225 145632.000,4604.9486,N,01312.9344,E,1.19,178.08#CT    0.11  20.450   0.002   0.010   105.82     9.52   6.969 057
050225 145632.000,4604.9486,N,01312.9344,E,1.19,178.08#CT    0.11  20.449   0.002   0.010   105.82     9.52   6.967 063
050225 145633.000,4604.9489,N,01312.9340,E,0.02,178.08#CT    0.11  20.450   0.002   0.010   105.95     9.53   6.966 049
050225 145633.000,4604.9489,N,01312.9340,E,0.02,178.08#CT    0.11  20.450   0.002   0.010   105.95     9.53   6.964 051
050225 145634.000,4604.9489,N,01312.9346,E,0.07,178.08#CT    0.11  20.449   0.002   0.010   105.95     9.53   6.962 061
050225 145634.000,4604.9489,N,01312.9346,E,0.07,178.08#CT    0.11  20.450   0.002   0.010   105.95     9.53   6.961 054
050225 145635.000,4604.9488,N,01312.9349,E,0.10,178.08#CT    0.11  20.450   0.002   0.010   105.95     9.53   6.959 061
050225 145635.000,4604.9488,N,01312.9349,E,0.10,178.08#CT    0.11  20.449   0.002   0.010   105.95     9.53   6.957 059
050225 145636.000,4604.9487,N,01312.9349,E,0.11,178.08#CT    0.11  20.449   0.002   0.010   105.95     9.53   6.955 057
050225 145636.000,4604.9487,N,01312.9349,E,0.11,178.08#CT    0.11  20.449   0.002   0.010   105.95     9.53   6.954 056
050225 145637.000,4604.9488,N,01312.9349,E,0.07,178.08#CT    0.11  20.449   0.002   0.010   105.95     9.53   6.952 062
050225 145637.000,4604.9488,N,01312.9349,E,0.07,178.08#CT    0.11  20.449   0.002   0.010   105.95     9.53   6.950 060
050225 145638.000,4604.9486,N,01312.9345,E,0.06,178.08#CT    0.11  20.449   0.002   0.010   105.90     9.53   6.948 048
050225 145638.000,4604.9486,N,01312.9345,E,0.06,178.08#CT    0.11  20.449   0.002   0.010   105.90     9.53   6.947 063
050225 145639.000,4604.9486,N,01312.9343,E,0.01,178.08#CT    0.11  20.449   0.002   0.010   105.90     9.53   6.945 061
050225 145639.000,4604.9486,N,01312.9343,E,0.01,178.08#CT    0.11  20.448   0.002   0.010   105.90     9.53   6.943 058
050225 145640.000,4604.9488,N,01312.9346,E,0.04,178.08#CT    0.11  20.448   0.002   0.010   105.90     9.53   6.942 059
050225 145640.000,4604.9488,N,01312.9346,E,0.04,178.08#CT    0.11  20.447   0.002   0.010   105.97     9.53   6.940 049
050225 145641.000,4604.9493,N,01312.9347,E,0.01,178.08#CT    0.11  20.448   0.002   0.010   105.97     9.53   6.938 049
050225 145641.000,4604.9493,N,01312.9347,E,0.01,178.08#CT    0.11  20.449   0.002   0.010   105.97     9.53   6.937 063
050225 145642.000,4604.9497,N,01312.9349,E,0.02,178.08#CT    0.11  20.448   0.002   0.010   105.97     9.53   6.935 060
050225 145642.000,4604.9497,N,01312.9349,E,0.02,178.08#CT    0.11  20.447   0.002   0.010   105.97     9.53   6.933 053
050225 145643.000,4604.9505,N,01312.9345,E,1.25,178.08#CT    0.11  20.449   0.002   0.010   105.92     9.53   6.932 063
050225 145643.000,4604.9505,N,01312.9345,E,1.25,178.08#CT    0.11  20.449   0.002   0.010   105.92     9.53   6.930 061
050225 145644.000,4604.9504,N,01312.9342,E,0.74,178.08#CT    0.11  20.449   0.002   0.010   105.92     9.53   6.928 052
050225 145644.000,4604.9504,N,01312.9342,E,0.74,178.08#CT    0.11  20.448   0.002   0.010   105.92     9.53   6.927 058
050225 145645.000,4604.9510,N,01312.9340,E,1.26,178.08#CT    0.11  20.448   0.002   0.010   105.92     9.53   6.925 056
050225 145645.000,4604.9510,N,01312.9340,E,1.26,178.08#CT    0.11  20.448   0.002   0.010   105.83     9.52   6.923 063
050225 145646.000,4604.9511,N,01312.9338,E,1.22,178.08#CT    0.11  20.449   0.002   0.010   105.83     9.52   6.922 063
050225 145646.000,4604.9511,N,01312.9338,E,1.22,178.08#CT    0.11  20.448   0.002   0.010   105.83     9.52   6.920 060
050225 145647.000,4604.9512,N,01312.9337,E,0.65,178.08#CT    0.11  20.449   0.002   0.010   105.83     9.52   6.918 054
050225 145647.000,4604.9512,N,01312.9337,E,0.65,178.08#CT    0.11  20.449   0.002   0.010   105.83     9.52   6.917 057
050225 145648.000,4604.9514,N,01312.9337,E,0.36,178.08#CT    0.11  20.449   0.002   0.010   105.98     9.53   6.915 048
050225 145648.000,4604.9514,N,01312.9337,E,0.36,178.08#CT    0.11  20.448   0.002   0.010   105.98     9.53   6.914 048
050225 145649.000,4604.9516,N,01312.9334,E,0.16,178.08#CT    0.11  20.448   0.002   0.010   105.98     9.53   6.912 054
050225 145649.000,4604.9516,N,01312.9334,E,0.16,178.08#CT    0.11  20.448   0.002   0.010   105.98     9.53   6.910 052
050225 145650.000,4604.9514,N,01312.9334,E,0.81,178.08#CT    0.11  20.449   0.002   0.010   105.98     9.53   6.909 061
050225 145650.000,4604.9514,N,01312.9334,E,0.81,178.08#CT    0.11  20.449   0.002   0.010   105.82     9.52   6.907 057
050225 145651.000,4604.9523,N,01312.9331,E,0.16,178.08#CT    0.11  20.449   0.002   0.010   105.82     9.52   6.905 059
050225 145651.000,4604.9523,N,01312.9331,E,0.16,178.08#CT    0.11  20.448   0.002   0.010   105.82     9.52   6.904 059
050225 145652.000,4604.9525,N,01312.9324,E,0.54,178.08#CT    0.11  20.449   0.002   0.010   105.82     9.52   6.902 060
050225 145652.000,4604.9525,N,01312.9324,E,0.54,178.08#CT    0.11  20.450   0.002   0.010   105.82     9.52   6.901 055
050225 145653.000,4604.9525,N,01312.9324,E,0.28,178.08#CT    0.11  20.450   0.002   0.010   106.08     9.54   6.899 048
050225 145653.000,4604.9525,N,01312.9324,E,0.28,178.08#CT    0.11  20.449   0.002   0.010   106.08     9.54   6.897 054
050225 145654.000,4604.9531,N,01312.9322,E,0.09,178.08#CT    0.11  20.449   0.002   0.010   106.08     9.54   6.896 055
050225 145654.000,4604.9531,N,01312.9322,E,0.09,178.08#CT    0.11  20.448   0.002   0.010   106.08     9.54   6.894 052
050225 145655.000,4604.9536,N,01312.9318,E,0.56,178.08#CT    0.11  20.449   0.002   0.010   106.08     9.54   6.893 050
050225 145656.000,4604.9542,N,01312.9315,E,0.58,178.08#CT    0.11  20.448   0.002   0.010   105.96     9.53   6.891 050
050225 145656.000,4604.9542,N,01312.9315,E,0.58,178.08#CT    0.11  20.447   0.002   0.010   105.96     9.53   6.889 052
050225 145656.000,4604.9542,N,01312.9315,E,0.58,178.08#CT    0.11  20.448   0.002   0.010   105.96     9.53   6.888 058
050225 145657.000,4604.9545,N,01312.9311,E,0.54,178.08#CT    0.11  20.447   0.002   0.010   105.96     9.53   6.886 059
050225 145658.000,4604.9545,N,01312.9309,E,0.14,178.08#CT    0.11  20.447   0.002   0.010   105.96     9.53   6.885 056
050225 145658.000,4604.9545,N,01312.9309,E,0.14,178.08#CT    0.11  20.447   0.002   0.010   105.93     9.53   6.883 059
050225 145659.000,4604.9547,N,01312.9313,E,0.94,116.88#CT    0.11  20.446   0.002   0.010   105.93     9.53   6.882 059
050225 145659.000,4604.9547,N,01312.9313,E,0.94,116.88#CT    0.11  20.446   0.002   0.010   105.93     9.53   6.880 057
050225 145700.000,4604.9549,N,01312.9310,E,0.68,175.92#CT    0.11  20.445   0.002   0.010   105.93     9.53   6.879 060
050225 145700.000,4604.9549,N,01312.9310,E,0.68,175.92#CT    0.11  20.446   0.002   0.010   105.93     9.53   6.877 049
050225 145701.000,4604.9547,N,01312.9307,E,1.05,199.71#CT    0.11  20.445   0.002   0.010   105.85     9.52   6.875 054
050225 145701.000,4604.9547,N,01312.9307,E,1.05,199.71#CT    0.11  20.444   0.002   0.010   105.85     9.52   6.874 054
050225 145702.000,4604.9552,N,01312.9303,E,0.64,223.23#CT    0.11  20.442   0.002   0.010   105.85     9.52   6.872 054
050225 145702.000,4604.9552,N,01312.9303,E,0.64,223.23#CT    0.11  20.442   0.002   0.010   105.85     9.52   6.871 053
050225 145703.000,4604.9547,N,01312.9307,E,1.38,168.70#CT    0.11  20.442   0.002   0.010   105.85     9.52   6.869 060
050225 145703.000,4604.9547,N,01312.9307,E,1.38,168.70#CT    0.11  20.441   0.002   0.010   105.96     9.53   6.868 061
050225 145704.000,4604.9546,N,01312.9307,E,1.40,166.75#CT    0.11  20.440   0.002   0.010   105.96     9.53   6.866 050
050225 145704.000,4604.9546,N,01312.9307,E,1.40,166.75#CT    0.11  20.440   0.002   0.010   105.96     9.53   6.864 048
050225 145705.000,4604.9544,N,01312.9307,E,1.39,166.75#CT    0.11  20.439   0.002   0.010   105.96     9.53   6.862 056
050225 145705.000,4604.9544,N,01312.9307,E,1.39,166.75#CT    0.11  20.439   0.002   0.010   105.96     9.53   6.861 059
050225 145706.000,4604.9550,N,01312.9301,E,0.68,166.75#CT    0.11  20.439   0.002   0.010   106.07     9.54   6.860 054
050225 145706.000,4604.9550,N,01312.9301,E,0.68,166.75#CT    0.11  20.439   0.002   0.010   106.07     9.54   6.858 061
050225 145707.000,4604.9556,N,01312.9298,E,0.34,166.75#CT    0.11  20.438   0.002   0.010   106.07     9.54   6.857 051
050225 145707.000,4604.9556,N,01312.9298,E,0.34,166.75#CT    0.11  20.438   0.002   0.010   106.07     9.54   6.855 049
050225 145708.000,4604.9556,N,01312.9304,E,0.93,166.75#CT    0.11  20.438   0.002   0.010   106.07     9.54   6.854 048
050225 145708.000,4604.9556,N,01312.9304,E,0.93,166.75#CT    0.11  20.438   0.002   0.010   106.00     9.54   6.852 049
050225 145709.000,4604.9563,N,01312.9299,E,0.17,166.75#CT    0.11  20.438   0.002   0.010   106.00     9.54   6.850 051
050225 145709.000,4604.9563,N,01312.9299,E,0.17,166.75#CT    0.11  20.438   0.002   0.010   106.00     9.54   6.849 059
050225 145710.000,4604.9573,N,01312.9298,E,0.59,166.75#CT    0.11  20.438   0.002   0.010   106.00     9.54   6.847 053
050225 145710.000,4604.9573,N,01312.9298,E,0.59,166.75#CT    0.11  20.437   0.002   0.010   106.00     9.54   6.846 059
050225 145711.000,4604.9578,N,01312.9299,E,0.75,166.75#CT    0.11  20.437   0.002   0.010   106.00     9.54   6.844 057
050225 145711.000,4604.9578,N,01312.9299,E,0.75,166.75#CT    0.11  20.437   0.002   0.010   106.00     9.54   6.843 062
050225 145712.000,4604.9577,N,01312.9306,E,1.07,166.75#CT    0.11  20.437   0.002   0.010   106.00     9.54   6.842 063
050225 145712.000,4604.9577,N,01312.9306,E,1.07,166.75#CT    0.11  20.438   0.002   0.010   106.00     9.54   6.840 050
050225 145713.000,4604.9589,N,01312.9302,E,0.54,166.75#CT    0.11  20.438   0.002   0.010   106.00     9.54   6.839 060
050225 145713.000,4604.9589,N,01312.9302,E,0.54,166.75#CT    0.11  20.438   0.002   0.010   105.87     9.53   6.837 057
050225 145714.000,4604.9590,N,01312.9302,E,0.11,166.75#CT    0.11  20.438   0.002   0.010   105.87     9.53   6.836 056
050225 145714.000,4604.9590,N,01312.9302,E,0.11,166.75#CT    0.11  20.439   0.002   0.010   105.87     9.53   6.834 059
050225 145715.000,4604.9583,N,01312.9304,E,1.03,166.75#CT    0.11  20.439   0.002   0.010   105.87     9.53   6.833 060
050225 145715.000,4604.9583,N,01312.9304,E,1.03,166.75#CT    0.11  20.439   0.002   0.010   105.87     9.53   6.832 061
050225 145716.000,4604.9585,N,01312.9305,E,0.97,166.75#CT    0.11  20.440   0.002   0.010   105.94     9.53   6.830 051
050225 145716.000,4604.9585,N,01312.9305,E,0.97,166.75#CT    0.11  20.440   0.002   0.010   105.94     9.53   6.829 059
050225 145717.000,4604.9584,N,01312.9304,E,0.91,166.75#CT    0.11  20.440   0.002   0.010   105.94     9.53   6.828 058
050225 145717.000,4604.9584,N,01312.9304,E,0.91,166.75#CT    0.11  20.440   0.002   0.010   105.94     9.53   6.826 052
050225 145718.000,4604.9589,N,01312.9300,E,0.84,166.75#CT    0.11  20.441   0.002   0.010   105.94     9.53   6.825 054
050225 145719.000,4604.9591,N,01312.9298,E,0.67,166.75#CT    0.11  20.441   0.002   0.010   106.00     9.54   6.824 062
050225 145719.000,4604.9591,N,01312.9298,E,0.67,166.75#CT    0.11  20.442   0.002   0.010   106.00     9.54   6.823 058
050225 145719.000,4604.9591,N,01312.9298,E,0.67,166.75#CT    0.11  20.443   0.002   0.010   106.00     9.54   6.821 057
050225 145720.000,4604.9587,N,01312.9298,E,1.14,166.75#CT    0.11  20.443   0.002   0.010   106.00     9.54   6.820 056
