050225 082742.000,4604.9554,N,01312.9326,E,0.72,281.96#CT    0.11  19.197   0.002   0.010   104.87     7.74   5.368 059
050225 082743.000,4604.9554,N,01312.9323,E,0.35,281.96#CT    0.11  19.198   0.002   0.010   104.87     7.74   5.369 053
050225 082743.000,4604.9554,N,01312.9323,E,0.35,281.96#CT    0.11  19.197   0.002   0.010   104.87     7.74   5.370 050
050225 082744.000,4604.9554,N,01312.9326,E,0.78,281.96#CT    0.11  19.197   0.002   0.010   104.87     7.74   5.369 058
050225 082744.000,4604.9554,N,01312.9326,E,0.78,281.96#CT    0.11  19.196   0.002   0.010   104.87     7.74   5.368 058
050225 082745.000,4604.9556,N,01312.9328,E,0.78,281.96#CT    0.11  19.196   0.002   0.010   105.47     9.73   5.368 062
050225 082745.000,4604.9556,N,01312.9328,E,0.78,281.96#CT    0.11  19.197   0.002   0.010   105.47     9.73   5.367 048
050225 082746.000,4604.9556,N,01312.9326,E,0.75,281.96#CT    0.11  19.197   0.002   0.010   105.47     9.73   5.367 048
050225 082746.000,4604.9556,N,01312.9326,E,0.75,281.96#CT    0.11  19.197   0.002   0.010   105.47     9.73   5.366 049
050225 082747.000,4604.9558,N,01312.9332,E,1.40,281.96#CT    0.11  19.197   0.002   0.010   105.47     9.73   5.365 050
050225 082748.000,4604.9556,N,01312.9338,E,1.45,281.96#CT    0.11  19.197   0.002   0.010   105.49     9.73   5.365 060
050225 082748.000,4604.9556,N,01312.9338,E,1.45,281.96#CT    0.11  19.198   0.002   0.010   105.49     9.73   5.365 051
050225 082748.000,4604.9556,N,01312.9338,E,1.45,281.96#CT    0.11  19.198   0.002   0.010   105.49     9.73   5.364 050
050225 082749.000,4604.9559,N,01312.9344,E,1.65,281.96#CT    0.11  19.198   0.002   0.010   105.49     9.73   5.364 050
050225 082749.000,4604.9559,N,01312.9344,E,1.65,281.96#CT    0.11  19.197   0.002   0.010   105.49     9.73   5.363 058
050225 082750.000,4604.9565,N,01312.9345,E,1.69,281.96#CT    0.11  19.197   0.002   0.010   105.35     9.72   5.363 048
050225 082750.000,4604.9565,N,01312.9345,E,1.69,281.96#CT    0.11  19.196   0.002   0.010   105.35     9.72   5.363 049
050225 082751.000,4604.9569,N,01312.9342,E,1.18,281.96#CT    0.11  19.196   0.002   0.010   105.35     9.72   5.362 048
050225 082752.000,4604.9572,N,01312.9341,E,0.78,281.96#CT    0.11  19.196   0.002   0.010   105.35     9.72   5.362 048
050225 082752.000,4604.9572,N,01312.9341,E,0.78,281.96#CT    0.11  19.196   0.002   0.010   105.35     9.72   5.362 048
050225 082753.000,4604.9575,N,01312.9341,E,0.82,281.96#CT    0.11  19.196   0.002   0.010   105.40     9.72   5.362 050
050225 082753.000,4604.9575,N,01312.9341,E,0.82,281.96#CT    0.11  19.194   0.002   0.010   105.40     9.72   5.361 051
050225 082754.000,4604.9574,N,01312.9342,E,0.14,281.96#CT    0.11  19.195   0.002   0.010   105.40     9.72   5.361 050
050225 082754.000,4604.9574,N,01312.9342,E,0.14,281.96#CT    0.11  19.194   0.002   0.010   105.40     9.72   5.361 051
050225 082755.000,4604.9575,N,01312.9339,E,0.50,281.96#CT    0.11  19.194   0.002   0.010   105.40     9.72   5.360 050
050225 082755.000,4604.9575,N,01312.9339,E,0.50,281.96#CT    0.11  19.195   0.002   0.010   105.50     9.73   5.360 051
050225 082756.000,4604.9577,N,01312.9340,E,0.57,281.96#CT    0.11  19.195   0.002   0.010   105.50     9.73   5.360 051
050225 082756.000,4604.9577,N,01312.9340,E,0.57,281.96#CT    0.11  19.195   0.002   0.010   105.50     9.73   5.360 051
050225 082757.000,4604.9577,N,01312.9347,E,1.68,281.96#CT    0.11  19.196   0.002   0.010   105.50     9.73   5.359 058
050225 082757.000,4604.9577,N,01312.9347,E,1.68,281.96#CT    0.11  19.196   0.002   0.010   105.50     9.73   5.359 058
050225 082758.000,4604.9580,N,01312.9354,E,1.75,281.96#CT    0.11  19.196   0.002   0.010   105.59     9.74   5.359 052
050225 082758.000,4604.9580,N,01312.9354,E,1.75,281.96#CT    0.11  19.196   0.002   0.010   105.59     9.74   5.358 053
050225 082759.000,4604.9580,N,01312.9356,E,1.25,281.96#CT    0.11  19.196   0.002   0.010   105.59     9.74   5.358 053
050225 082759.000,4604.9580,N,01312.9356,E,1.25,281.96#CT    0.11  19.195   0.002   0.010   105.59     9.74   5.358 054
050225 082800.000,4604.9577,N,01312.9357,E,1.65,281.96#CT    0.11  19.194   0.002   0.010   105.59     9.74   5.357 056
050225 082800.000,4604.9577,N,01312.9357,E,1.65,281.96#CT    0.11  19.194   0.002   0.010   105.53     9.74   5.357 050
050225 082801.000,4604.9576,N,01312.9354,E,0.96,281.96#CT    0.11  19.194   0.002   0.010   105.53     9.74   5.357 050
050225 082801.000,4604.9576,N,01312.9354,E,0.96,281.96#CT    0.11  19.194   0.002   0.010   105.53     9.74   5.356 051
050225 082802.000,4604.9570,N,01312.9353,E,1.32,281.96#CT    0.11  19.194   0.002   0.010   105.53     9.74   5.356 051
050225 082802.000,4604.9570,N,01312.9353,E,1.32,281.96#CT    0.11  19.194   0.002   0.010   105.53     9.74   5.356 051
050225 082803.000,4604.9568,N,01312.9351,E,0.73,281.96#CT    0.11  19.194   0.002   0.010   105.57     9.74   5.355 052
050225 082803.000,4604.9568,N,01312.9351,E,0.73,281.96#CT    0.11  19.194   0.002   0.010   105.57     9.74   5.355 052
050225 082804.000,4604.9567,N,01312.9349,E,1.01,281.96#CT    0.11  19.193   0.002   0.010   105.57     9.74   5.355 051
050225 082804.000,4604.9567,N,01312.9349,E,1.01,281.96#CT    0.11  19.193   0.002   0.010   105.57     9.74   5.355 051
050225 082805.000,4604.9568,N,01312.9348,E,0.98,281.96#CT    0.11  19.194   0.002   0.010   105.57     9.74   5.354 053
050225 082805.000,4604.9568,N,01312.9348,E,0.98,281.96#CT    0.11  19.194   0.002   0.010   105.46     9.73   5.354 050
050225 082806.000,4604.9568,N,01312.9348,E,1.32,281.96#CT    0.11  19.193   0.002   0.010   105.46     9.73   5.354 053
050225 082806.000,4604.9568,N,01312.9348,E,1.32,281.96#CT    0.11  19.192   0.002   0.010   105.46     9.73   5.353 051
050225 082807.000,4604.9564,N,01312.9347,E,0.04,281.96#CT    0.11  19.192   0.002   0.010   105.46     9.73   5.353 051
050225 082807.000,4604.9564,N,01312.9347,E,0.04,281.96#CT    0.11  19.190   0.002   0.010   105.46     9.73   5.352 048
050225 082808.000,4604.9562,N,01312.9345,E,0.07,281.96#CT    0.11  19.190   0.002   0.010   105.54     9.74   5.352 052
050225 082808.000,4604.9562,N,01312.9345,E,0.07,281.96#CT    0.11  19.191   0.002   0.010   105.54     9.74   5.353 052
050225 082809.000,4604.9557,N,01312.9342,E,0.05,281.96#CT    0.11  19.190   0.002   0.010   105.54     9.74   5.354 050
050225 082809.000,4604.9557,N,01312.9342,E,0.05,281.96#CT    0.11  19.190   0.002   0.010   105.54     9.74   5.354 050
050225 082810.000,4604.9550,N,01312.9338,E,0.10,281.96#CT    0.11  19.189   0.002   0.010   105.54     9.74   5.354 058
050225 082810.000,4604.9550,N,01312.9338,E,0.10,281.96#CT    0.11  19.189   0.002   0.010   105.55     9.74   5.353 060
050225 082811.000,4604.9545,N,01312.9337,E,0.07,281.96#CT    0.11  19.188   0.002   0.010   105.55     9.74   5.353 061
050225 082811.000,4604.9545,N,01312.9337,E,0.07,281.96#CT    0.11  19.188   0.002   0.010   105.55     9.74   5.353 061
050225 082812.000,4604.9540,N,01312.9332,E,0.10,281.96#CT    0.11  19.187   0.002   0.010   105.55     9.74   5.352 051
050225 082812.000,4604.9540,N,01312.9332,E,0.10,281.96#CT    0.11  19.187   0.002   0.010   105.55     9.74   5.352 051
050225 082813.000,4604.9531,N,01312.9335,E,0.14,281.96#CT    0.11  19.187   0.002   0.010   105.50     9.73   5.352 049
050225 082813.000,4604.9531,N,01312.9335,E,0.14,281.96#CT    0.11  19.186   0.002   0.010   105.50     9.73   5.351 051
050225 082814.000,4604.9527,N,01312.9337,E,0.11,281.96#CT    0.11  19.185   0.002   0.010   105.50     9.73   5.351 048
050225 082814.000,4604.9527,N,01312.9337,E,0.11,281.96#CT    0.11  19.184   0.002   0.010   105.50     9.73   5.351 049
050225 082815.000,4604.9517,N,01312.9340,E,0.19,281.96#CT    0.11  19.183   0.002   0.010   105.50     9.73   5.351 054
050225 082815.000,4604.9517,N,01312.9340,E,0.19,281.96#CT    0.11  19.183   0.002   0.010   105.44     9.73   5.350 050
050225 082816.000,4604.9512,N,01312.9346,E,0.12,281.96#CT    0.11  19.182   0.002   0.010   105.44     9.73   5.350 051
050225 082816.000,4604.9512,N,01312.9346,E,0.12,281.96#CT    0.11  19.182   0.002   0.010   105.44     9.73   5.350 051
050225 082817.000,4604.9512,N,01312.9351,E,1.00,281.96#CT    0.11  19.181   0.002   0.010   105.44     9.73   5.349 056
050225 082817.000,4604.9512,N,01312.9351,E,1.00,281.96#CT    0.11  19.180   0.002   0.010   105.44     9.73   5.349 057
050225 082818.000,4604.9510,N,01312.9348,E,0.31,281.96#CT    0.11  19.178   0.002   0.010   105.53     9.74   5.349 063
050225 082818.000,4604.9510,N,01312.9348,E,0.31,281.96#CT    0.11  19.177   0.002   0.010   105.53     9.74   5.349 048
050225 082819.000,4604.9509,N,01312.9346,E,0.32,281.96#CT    0.11  19.176   0.002   0.010   105.53     9.74   5.348 048
050225 082819.000,4604.9509,N,01312.9346,E,0.32,281.96#CT    0.11  19.175   0.002   0.010   105.53     9.74   5.348 051
050225 082820.000,4604.9509,N,01312.9345,E,0.35,281.96#CT    0.11  19.173   0.002   0.010   105.53     9.74   5.347 058
050225 082821.000,4604.9509,N,01312.9339,E,1.33,281.96#CT    0.11  19.172   0.002   0.010   105.50     9.73   5.347 063
050225 082821.000,4604.9509,N,01312.9339,E,1.33,281.96#CT    0.11  19.170   0.002   0.010   105.50     9.73   5.347 061
050225 082821.000,4604.9509,N,01312.9339,E,1.33,281.96#CT    0.11  19.169   0.002   0.010   105.50     9.73   5.346 052
050225 082822.000,4604.9506,N,01312.9336,E,1.16,281.96#CT    0.11  19.168   0.002   0.010   105.50     9.73   5.346 053
050225 082822.000,4604.9506,N,01312.9336,E,1.16,281.96#CT    0.11  19.166   0.002   0.010   105.50     9.73   5.346 059
050225 082823.000,4604.9505,N,01312.9333,E,1.13,281.96#CT    0.11  19.165   0.002   0.010   105.54     9.74   5.345 056
050225 082824.000,4604.9510,N,01312.9331,E,1.10,281.96#CT    0.11  19.165   0.002   0.010   105.54     9.74   5.345 056
050225 082824.000,4604.9510,N,01312.9331,E,1.10,281.96#CT    0.11  19.164   0.002   0.010   105.54     9.74   5.345 057
050225 082825.000,4604.9511,N,01312.9336,E,0.02,281.96#CT    0.11  19.163   0.002   0.010   105.54     9.74   5.344 063
050225 082825.000,4604.9511,N,01312.9336,E,0.02,281.96#CT    0.11  19.162   0.002   0.010   105.54     9.74   5.344 062
050225 082826.000,4604.9511,N,01312.9337,E,0.02,281.96#CT    0.11  19.161   0.002   0.010   105.54     9.74   5.344 061
050225 082826.000,4604.9511,N,01312.9337,E,0.02,281.96#CT    0.11  19.161   0.002   0.010   105.54     9.74   5.343 058
050225 082827.000,4604.9514,N,01312.9335,E,0.06,281.96#CT    0.11  19.161   0.002   0.010   105.54     9.74   5.343 058
050225 082827.000,4604.9514,N,01312.9335,E,0.06,281.96#CT    0.11  19.160   0.002   0.010   105.54     9.74   5.342 058
050225 082828.000,4604.9518,N,01312.9336,E,0.07,281.96#CT    0.11  19.158   0.002   0.010   105.54     9.74   5.341 050
050225 082828.000,4604.9518,N,01312.9336,E,0.07,281.96#CT    0.11  19.158   0.002   0.010   105.51     9.74   5.340 054
050225 082829.000,4604.9520,N,01312.9339,E,0.04,281.96#CT    0.11  19.158   0.002   0.010   105.51     9.74   5.339 056
050225 082829.000,4604.9520,N,01312.9339,E,0.04,281.96#CT    0.11  19.158   0.002   0.010   105.51     9.74   5.338 057
050225 082830.000,4604.9521,N,01312.9340,E,0.04,281.96#CT    0.11  19.156   0.002   0.010   105.51     9.74   5.337 056
050225 082830.000,4604.9521,N,01312.9340,E,0.04,281.96#CT    0.11  19.156   0.002   0.010   105.51     9.74   5.337 056
050225 082831.000,4604.9525,N,01312.9341,E,0.02,281.96#CT    0.11  19.156   0.002   0.010   105.56     9.74   5.337 063
050225 082831.000,4604.9525,N,01312.9341,E,0.02,281.96#CT    0.11  19.155   0.002   0.010   105.56     9.74   5.337 060
050225 082832.000,4604.9529,N,01312.9343,E,0.02,281.96#CT    0.11  19.155   0.002   0.010   105.56     9.74   5.336 061
050225 082832.000,4604.9529,N,01312.9343,E,0.02,281.96#CT    0.11  19.154   0.002   0.010   105.56     9.74   5.336 060
050225 082833.000,4604.9534,N,01312.9349,E,0.07,281.96#CT    0.11  19.153   0.002   0.010   105.56     9.74   5.337 058
050225 082833.000,4604.9534,N,01312.9349,E,0.07,281.96#CT    0.11  19.153   0.002   0.010   105.49     9.74   5.337 052
050225 082834.000,4604.9529,N,01312.9346,E,0.05,281.96#CT    0.11  19.153   0.002   0.010   105.49     9.74   5.337 052
050225 082834.000,4604.9529,N,01312.9346,E,0.05,281.96#CT    0.11  19.153   0.002   0.010   105.49     9.74   5.337 052
050225 082835.000,4604.9529,N,01312.9342,E,0.93,281.96#CT    0.11  19.153   0.002   0.010   105.49     9.74   5.337 052
050225 082835.000,4604.9529,N,01312.9342,E,0.93,281.96#CT    0.11  19.154   0.002   0.010   105.49     9.74   5.337 051
050225 082836.000,4604.9523,N,01312.9341,E,1.50,281.96#CT    0.11  19.152   0.002   0.010   105.61     9.75   5.336 063
050225 082836.000,4604.9523,N,01312.9341,E,1.50,281.96#CT    0.11  19.151   0.002   0.010   105.61     9.75   5.336 060
050225 082837.000,4604.9521,N,01312.9345,E,1.55,281.96#CT    0.11  19.152   0.002   0.010   105.61     9.75   5.336 063
050225 082837.000,4604.9521,N,01312.9345,E,1.55,281.96#CT    0.11  19.152   0.002   0.010   105.61     9.75   5.335 060
050225 082838.000,4604.9524,N,01312.9342,E,0.02,281.96#CT    0.11  19.151   0.002   0.010   105.61     9.75   5.335 063
050225 082838.000,4604.9524,N,01312.9342,E,0.02,281.96#CT    0.11  19.150   0.002   0.010   105.54     9.74   5.334 056
050225 082839.000,4604.9526,N,01312.9337,E,0.09,281.96#CT    0.11  19.151   0.002   0.010   105.54     9.74   5.334 057
050225 082839.000,4604.9526,N,01312.9337,E,0.09,281.96#CT    0.11  19.150   0.002   0.010   105.54     9.74   5.334 056
050225 082840.000,4604.9526,N,01312.9333,E,0.11,281.96#CT    0.11  19.149   0.002   0.010   105.54     9.74   5.333 055
050225 082840.000,4604.9526,N,01312.9333,E,0.11,281.96#CT    0.11  19.150   0.002   0.010   105.54     9.74   5.333 063
050225 082841.000,4604.9531,N,01312.9337,E,0.04,281.96#CT    0.11  19.149   0.002   0.010   105.65     9.75   5.333 052
050225 082841.000,4604.9531,N,01312.9337,E,0.04,281.96#CT    0.11  19.149   0.002   0.010   105.65     9.75   5.332 053
050225 082842.000,4604.9532,N,01312.9342,E,0.08,281.96#CT    0.11  19.148   0.002   0.010   105.65     9.75   5.332 052
050225 082842.000,4604.9532,N,01312.9342,E,0.08,281.96#CT    0.11  19.148   0.002   0.010   105.65     9.75   5.332 052
050225 082843.000,4604.9533,N,01312.9344,E,0.07,281.96#CT    0.11  19.148   0.002   0.010   105.65     9.75   5.331 055
050225 082844.000,4604.9533,N,01312.9343,E,0.04,281.96#CT    0.11  19.147   0.002   0.010   105.75     9.76   5.331 058
050225 082844.000,4604.9533,N,01312.9343,E,0.04,281.96#CT    0.11  19.146   0.002   0.010   105.75     9.76   5.331 059
050225 082844.000,4604.9533,N,01312.9343,E,0.04,281.96#CT    0.11  19.145   0.002   0.010   105.75     9.76   5.330 057
050225 082845.000,4604.9531,N,01312.9332,E,0.09,281.96#CT    0.11  19.145   0.002   0.010   105.75     9.76   5.330 057
050225 082845.000,4604.9531,N,01312.9332,E,0.09,281.96#CT    0.11  19.145   0.002   0.010   105.75     9.76   5.330 057
050225 082846.000,4604.9529,N,01312.9336,E,0.08,281.96#CT    0.11  19.145   0.002   0.010   105.70     9.76   5.330 060
050225 082846.000,4604.9529,N,01312.9336,E,0.08,281.96#CT    0.11  19.144   0.002   0.010   105.70     9.76   5.329 053
050225 082847.000,4604.9530,N,01312.9329,E,0.09,281.96#CT    0.11  19.144   0.002   0.010   105.70     9.76   5.329 053
050225 082848.000,4604.9528,N,01312.9331,E,0.06,281.96#CT    0.11  19.143   0.002   0.010   105.70     9.76   5.328 051
050225 082848.000,4604.9528,N,01312.9331,E,0.06,281.96#CT    0.11  19.143   0.002   0.010   105.70     9.76   5.328 051
050225 082849.000,4604.9529,N,01312.9327,E,0.06,281.96#CT    0.11  19.143   0.002   0.010   105.50     9.74   5.328 051
050225 082849.000,4604.9529,N,01312.9327,E,0.06,281.96#CT    0.11  19.143   0.002   0.010   105.50     9.74   5.327 060
050225 082850.000,4604.9527,N,01312.9318,E,0.07,281.96#CT    0.11  19.143   0.002   0.010   105.50     9.74   5.327 060
050225 082850.000,4604.9527,N,01312.9318,E,0.07,281.96#CT    0.11  19.142   0.002   0.010   105.50     9.74   5.327 061
050225 082851.000,4604.9527,N,01312.9305,E,1.83,281.96#CT    0.11  19.141   0.002   0.010   105.50     9.74   5.326 063
050225 082851.000,4604.9527,N,01312.9305,E,1.83,281.96#CT    0.11  19.141   0.002   0.010   105.64     9.75   5.326 057
050225 082852.000,4604.9528,N,01312.9300,E,0.04,281.96#CT    0.11  19.141   0.002   0.010   105.64     9.75   5.326 057
050225 082852.000,4604.9528,N,01312.9300,E,0.04,281.96#CT    0.11  19.141   0.002   0.010   105.64     9.75   5.326 057
050225 082853.000,4604.9528,N,01312.9300,E,0.09,281.96#CT    0.11  19.142   0.002   0.010   105.64     9.75   5.325 057
050225 082853.000,4604.9528,N,01312.9300,E,0.09,281.96#CT    0.11  19.142   0.002   0.010   105.64     9.75   5.325 057
050225 082854.000,4604.9530,N,01312.9305,E,0.12,281.96#CT    0.11  19.141   0.002   0.010   105.47     9.74   5.325 058
050225 082854.000,4604.9530,N,01312.9305,E,0.12,281.96#CT    0.11  19.141   0.002   0.010   105.47     9.74   5.325 058
050225 082855.000,4604.9535,N,01312.9306,E,0.10,281.96#CT    0.11  19.141   0.002   0.010   105.47     9.74   5.325 058
050225 082855.000,4604.9535,N,01312.9306,E,0.10,281.96#CT    0.11  19.142   0.002   0.010   105.47     9.74   5.324 056
050225 082856.000,4604.9541,N,01312.9310,E,0.14,281.96#CT    0.11  19.142   0.002   0.010   105.47     9.74   5.324 056
050225 082856.000,4604.9541,N,01312.9310,E,0.14,281.96#CT    0.11  19.143   0.002   0.010   105.57     9.75   5.324 057
050225 082857.000,4604.9543,N,01312.9315,E,0.14,281.96#CT    0.11  19.143   0.002   0.010   105.57     9.75   5.323 062
050225 082857.000,4604.9543,N,01312.9315,E,0.14,281.96#CT    0.11  19.143   0.002   0.010   105.57     9.75   5.323 062
050225 082858.000,4604.9539,N,01312.9312,E,0.12,281.96#CT    0.11  19.143   0.002   0.010   105.57     9.75   5.323 062
050225 082858.000,4604.9539,N,01312.9312,E,0.12,281.96#CT    0.11  19.143   0.002   0.010   105.57     9.75   5.323 062
050225 082859.000,4604.9539,N,01312.9311,E,0.14,281.96#CT    0.11  19.144   0.002   0.010   105.55     9.75   5.323 059
050225 082859.000,4604.9539,N,01312.9311,E,0.14,281.96#CT    0.11  19.144   0.002   0.010   105.55     9.75   5.322 058
050225 082900.000,4604.9538,N,01312.9307,E,0.11,281.96#CT    0.11  19.144   0.002   0.010   105.55     9.75   5.322 058
050225 082900.000,4604.9538,N,01312.9307,E,0.11,281.96#CT    0.11  19.144   0.002   0.010   105.55     9.75   5.322 058
050225 082901.000,4604.9540,N,01312.9296,E,0.03,281.96#CT    0.11  19.144   0.002   0.010   105.55     9.75   5.322 058
050225 082901.000,4604.9540,N,01312.9296,E,0.03,281.96#CT    0.11  19.144   0.002   0.010   105.68     9.76   5.323 054
050225 082902.000,4604.9540,N,01312.9296,E,0.06,281.96#CT    0.11  19.144   0.002   0.010   105.68     9.76   5.323 054
050225 082902.000,4604.9540,N,01312.9296,E,0.06,281.96#CT    0.11  19.145   0.002   0.010   105.68     9.76   5.323 055
050225 082903.000,4604.9543,N,01312.9288,E,0.05,281.96#CT    0.11  19.145   0.002   0.010   105.68     9.76   5.322 054
050225 082903.000,4604.9543,N,01312.9288,E,0.05,281.96#CT    0.11  19.146   0.002   0.010   105.68     9.76   5.322 053
050225 082904.000,4604.9546,N,01312.9284,E,0.10,281.96#CT    0.11  19.145   0.002   0.010   105.59     9.75   5.322 055
050225 082904.000,4604.9546,N,01312.9284,E,0.10,281.96#CT    0.11  19.146   0.002   0.010   105.59     9.75   5.322 052
050225 082905.000,4604.9558,N,01312.9293,E,0.03,281.96#CT    0.11  19.146   0.002   0.010   105.59     9.75   5.321 055
050225 082905.000,4604.9558,N,01312.9293,E,0.03,281.96#CT    0.11  19.146   0.002   0.010   105.59     9.75   5.321 055
050225 082906.000,4604.9566,N,01312.9315,E,0.18,281.96#CT    0.11  19.146   0.002   0.010   105.59     9.75   5.321 055
050225 082906.000,4604.9566,N,01312.9315,E,0.18,281.96#CT    0.11  19.147   0.002   0.010   105.61     9.75   5.321 061
050225 082907.000,4604.9567,N,01312.9319,E,0.16,281.96#CT    0.11  19.147   0.002   0.010   105.61     9.75   5.320 060
050225 082907.000,4604.9567,N,01312.9319,E,0.16,281.96#CT    0.11  19.147   0.002   0.010   105.61     9.75   5.320 060
050225 082908.000,4604.9572,N,01312.9325,E,0.14,281.96#CT    0.11  19.148   0.002   0.010   105.61     9.75   5.320 051
050225 082908.000,4604.9572,N,01312.9325,E,0.14,281.96#CT    0.11  19.147   0.002   0.010   105.61     9.75   5.320 060
050225 082909.000,4604.9577,N,01312.9323,E,0.05,281.96#CT    0.11  19.146   0.002   0.010   105.66     9.76   5.319 051
050225 082909.000,4604.9577,N,01312.9323,E,0.05,281.96#CT    0.11  19.146   0.002   0.010   105.66     9.76   5.319 051
050225 082910.000,4604.9580,N,01312.9318,E,0.07,281.96#CT    0.11  19.147   0.002   0.010   105.66     9.76   5.319 050
050225 082910.000,4604.9580,N,01312.9318,E,0.07,281.96#CT    0.11  19.147   0.002   0.010   105.66     9.76   5.318 051
050225 082911.000,4604.9579,N,01312.9322,E,0.04,281.96#CT    0.11  19.147   0.002   0.010   105.66     9.76   5.318 051
050225 082911.000,4604.9579,N,01312.9322,E,0.04,281.96#CT    0.11  19.148   0.002   0.010   105.60     9.75   5.318 057
050225 082912.000,4604.9579,N,01312.9327,E,0.07,281.96#CT    0.11  19.149   0.002   0.010   105.60     9.75   5.318 056
050225 082912.000,4604.9579,N,01312.9327,E,0.07,281.96#CT    0.11  19.149   0.002   0.010   105.60     9.75   5.317 055
050225 082913.000,4604.9579,N,01312.9334,E,0.14,281.96#CT    0.11  19.148   0.002   0.010   105.60     9.75   5.317 054
050225 082913.000,4604.9579,N,01312.9334,E,0.14,281.96#CT    0.11  19.148   0.002   0.010   105.60     9.75   5.317 054
050225 082914.000,4604.9580,N,01312.9332,E,0.05,281.96#CT    0.11  19.149   0.002   0.010   105.60     9.75   5.317 055
050225 082914.000,4604.9580,N,01312.9332,E,0.05,281.96#CT    0.11  19.149   0.002   0.010   105.60     9.75   5.316 054
050225 082915.000,4604.9581,N,01312.9330,E,0.08,281.96#CT    0.11  19.148   0.002   0.010   105.60     9.75   5.316 055
050225 082915.000,4604.9581,N,01312.9330,E,0.08,281.96#CT    0.11  19.147   0.002   0.010   105.60     9.75   5.316 056
050225 082916.000,4604.9578,N,01312.9327,E,0.10,281.96#CT    0.11  19.148   0.002   0.010   105.60     9.75   5.315 052
050225 082916.000,4604.9578,N,01312.9327,E,0.10,281.96#CT    0.11  19.148   0.002   0.010   105.50     9.74   5.315 054
050225 082917.000,4604.9576,N,01312.9335,E,0.08,281.96#CT    0.11  19.148   0.002   0.010   105.50     9.74   5.315 054
050225 082917.000,4604.9576,N,01312.9335,E,0.08,281.96#CT    0.11  19.148   0.002   0.010   105.50     9.74   5.314 055
