030325 135322.000,4604.9534,N,01312.9376,E,0.78,356.23#CT   -0.27  19.190   0.039   0.026 21949.08  1620.31   6.863 044
030325 135322.000,4604.9534,N,01312.9376,E,0.78,356.23#CT   -0.27  19.203   0.039   0.026 21949.08  1620.31   6.758 034
030325 135323.000,4604.9535,N,01312.9376,E,0.29,356.23#CT   -0.27  19.210   0.039   0.026 21949.08  1620.31   6.719 037
030325 135323.000,4604.9535,N,01312.9376,E,0.29,356.23#CT   -0.27  19.213   0.039   0.026 21949.08  1620.31   6.710 047
030325 135324.000,4604.9534,N,01312.9371,E,0.79,196.64#CT   -0.27  19.213   0.039   0.026 21949.08  1620.31   6.707 041
030325 135325.000,4604.9532,N,01312.9370,E,0.77,178.30#CT   -0.27  19.214   0.039   0.026   176.07    16.24   6.703 036
030325 135325.000,4604.9532,N,01312.9370,E,0.77,178.30#CT   -0.27  19.216   0.039   0.026   176.07    16.24   6.701 036
030325 135325.000,4604.9532,N,01312.9370,E,0.77,178.30#CT   -0.27  19.217   0.039   0.026   176.07    16.24   6.698 036
030325 135326.000,4604.9534,N,01312.9369,E,0.40,178.30#CT   -0.27  19.216   0.039   0.026   176.07    16.24   6.696 043
030325 135326.000,4604.9534,N,01312.9369,E,0.40,178.30#CT   -0.27  19.217   0.039   0.026   176.07    16.24   6.693 047
030325 135327.000,4604.9535,N,01312.9371,E,0.87,111.51#CT   -0.27  19.217   0.039   0.026   236.60    21.82   6.691 035
030325 135327.000,4604.9535,N,01312.9371,E,0.87,111.51#CT   -0.27  19.218   0.039   0.026   236.60    21.82   6.688 036
030325 135328.000,4604.9539,N,01312.9375,E,1.14,78.36#CT   -0.27  19.219   0.039   0.026   236.60    21.82   6.686 043
030325 135328.000,4604.9539,N,01312.9375,E,1.14,78.36#CT   -0.27  19.220   0.039   0.026   236.60    21.82   6.683 036
030325 135329.000,4604.9543,N,01312.9381,E,1.20,59.58#CT   -0.27  19.219   0.039   0.026   236.60    21.82   6.681 044
030325 135330.000,4604.9546,N,01312.9381,E,0.80,347.55#CT   -0.27  19.220   0.039   0.026  -792.36   -73.05   6.678 032
030325 135330.000,4604.9546,N,01312.9381,E,0.80,347.55#CT   -0.27  19.220   0.039   0.026  -792.36   -73.05   6.676 046
030325 135331.000,4604.9549,N,01312.9382,E,0.78,3.19#CT   -0.27  19.221   0.039   0.026  -792.36   -73.05   6.673 042
