090424 072310.000,4604.9686,N,01312.9299,E,0.20,37.35#CT   -0.42  19.486   0.002   0.010   103.00     7.60   5.744 050
090424 072310.000,4604.9686,N,01312.9299,E,0.20,37.35#CT   -0.42  19.487   0.002   0.010   103.00     7.60   5.745 050
090424 072311.000,4604.9685,N,01312.9300,E,0.39,37.35#CT   -0.42  19.489   0.002   0.010   103.00     7.60   5.747 062
090424 072311.000,4604.9685,N,01312.9300,E,0.39,37.35#CT   -0.42  19.490   0.002   0.010   103.00     7.60   5.747 054
090424 072312.000,4604.9681,N,01312.9298,E,1.03,188.82#CT   -0.42  19.491   0.002   0.010   103.00     7.60   5.748 056
090424 072312.000,4604.9681,N,01312.9298,E,1.03,188.82#CT   -0.42  19.491   0.002   0.010   103.56     9.50   5.748 054
090424 072313.000,4604.9678,N,01312.9295,E,1.21,244.62#CT   -0.42  19.491   0.002   0.010   103.56     9.50   5.749 055
090424 072313.000,4604.9678,N,01312.9295,E,1.21,244.62#CT   -0.42  19.491   0.002   0.010   103.56     9.50   5.750 063
090424 072314.000,4604.9676,N,01312.9293,E,0.83,198.72#CT   -0.42  19.491   0.002   0.010   103.56     9.50   5.750 063
090424 072314.000,4604.9676,N,01312.9293,E,0.83,198.72#CT   -0.42  19.492   0.002   0.010   103.56     9.50   5.751 061
090424 072315.000,4604.9674,N,01312.9291,E,1.05,250.14#CT   -0.42  19.493   0.002   0.010   103.50     9.49   5.752 049
090424 072315.000,4604.9674,N,01312.9291,E,1.05,250.14#CT   -0.42  19.494   0.002   0.010   103.50     9.49   5.752 054
090424 072316.000,4604.9674,N,01312.9290,E,0.35,250.14#CT   -0.42  19.494   0.002   0.010   103.50     9.49   5.753 055
090424 072316.000,4604.9674,N,01312.9290,E,0.35,250.14#CT   -0.42  19.496   0.002   0.010   103.50     9.49   5.754 050
090424 072317.000,4604.9675,N,01312.9293,E,0.34,250.14#CT   -0.42  19.497   0.002   0.010   103.50     9.49   5.755 050
090424 072317.000,4604.9675,N,01312.9293,E,0.34,250.14#CT   -0.42  19.498   0.002   0.010   103.53     9.49   5.756 061
090424 072318.000,4604.9674,N,01312.9294,E,0.05,250.14#CT   -0.42  19.499   0.002   0.010   103.53     9.49   5.757 061
090424 072318.000,4604.9674,N,01312.9294,E,0.05,250.14#CT   -0.42  19.499   0.002   0.010   103.53     9.49   5.758 050
090424 072319.000,4604.9672,N,01312.9293,E,0.45,250.14#CT   -0.42  19.500   0.002   0.010   103.53     9.49   5.759 050
090424 072319.000,4604.9672,N,01312.9293,E,0.45,250.14#CT   -0.42  19.501   0.002   0.010   103.53     9.49   5.760 057
