171224 111033.000,4604.9605,N,01312.9368,E,0.30,185.37#CT    0.20  20.536   0.002   0.010   105.20     7.77   6.792 049
171224 111033.000,4604.9605,N,01312.9368,E,0.30,185.37#CT    0.20  20.536   0.002   0.010   105.20     7.77   6.793 048
171224 111033.000,4604.9605,N,01312.9368,E,0.30,185.37#CT    0.20  20.535   0.002   0.010   105.20     7.77   6.794 052
171224 111034.000,4604.9597,N,01312.9368,E,1.46,178.81#CT    0.20  20.535   0.002   0.010   105.20     7.77   6.794 052
171224 111034.000,4604.9597,N,01312.9368,E,1.46,178.81#CT    0.20  20.535   0.002   0.010   105.20     7.77   6.794 052
171224 111035.000,4604.9590,N,01312.9366,E,1.79,204.57#CT    0.20  20.534   0.002   0.010   104.82     9.41   6.793 048
171224 111035.000,4604.9590,N,01312.9366,E,1.79,204.57#CT    0.20  20.533   0.002   0.010   104.82     9.41   6.793 055
171224 111036.000,4604.9587,N,01312.9363,E,1.48,215.00#CT    0.20  20.533   0.002   0.010   104.82     9.41   6.793 055
171224 111036.000,4604.9587,N,01312.9363,E,1.48,215.00#CT    0.20  20.532   0.002   0.010   104.82     9.41   6.792 055
171224 111037.000,4604.9586,N,01312.9363,E,1.32,207.31#CT    0.20  20.533   0.002   0.010   104.82     9.41   6.792 054
171224 111038.000,4604.9582,N,01312.9363,E,1.13,168.86#CT    0.20  20.533   0.002   0.010   104.69     9.40   6.792 050
171224 111038.000,4604.9582,N,01312.9363,E,1.13,168.86#CT    0.20  20.532   0.002   0.010   104.69     9.40   6.791 048
171224 111038.000,4604.9582,N,01312.9363,E,1.13,168.86#CT    0.20  20.532   0.002   0.010   104.69     9.40   6.791 048
171224 111039.000,4604.9582,N,01312.9364,E,0.47,168.86#CT    0.20  20.532   0.002   0.010   104.69     9.40   6.791 048
171224 111039.000,4604.9582,N,01312.9364,E,0.47,168.86#CT    0.20  20.533   0.002   0.010   104.69     9.40   6.791 049
171224 111040.000,4604.9579,N,01312.9364,E,0.84,178.10#CT    0.20  20.532   0.002   0.010   104.81     9.41   6.791 055
171224 111041.000,4604.9579,N,01312.9363,E,0.37,178.10#CT    0.20  20.532   0.002   0.010   104.81     9.41   6.791 055
171224 111041.000,4604.9579,N,01312.9363,E,0.37,178.10#CT    0.20  20.531   0.002   0.010   104.81     9.41   6.790 053
171224 111042.000,4604.9582,N,01312.9365,E,0.81,39.11#CT    0.20  20.531   0.002   0.010   104.81     9.41   6.790 053
171224 111042.000,4604.9582,N,01312.9365,E,0.81,39.11#CT    0.20  20.531   0.002   0.010   104.81     9.41   6.790 053
171224 111043.000,4604.9581,N,01312.9365,E,0.22,39.11#CT    0.20  20.530   0.002   0.010   104.81     9.41   6.790 052
171224 111043.000,4604.9581,N,01312.9365,E,0.22,39.11#CT    0.20  20.531   0.002   0.010   104.81     9.41   6.790 053
171224 111044.000,4604.9584,N,01312.9368,E,0.96,57.13#CT    0.20  20.530   0.002   0.010   104.81     9.41   6.790 052
171224 111044.000,4604.9584,N,01312.9368,E,0.96,57.13#CT    0.20  20.531   0.002   0.010   104.81     9.41   6.790 053
171224 111045.000,4604.9585,N,01312.9369,E,0.64,19.65#CT    0.20  20.531   0.002   0.010   104.81     9.41   6.790 053
171224 111045.000,4604.9585,N,01312.9369,E,0.64,19.65#CT    0.20  20.530   0.002   0.010   104.79     9.41   6.790 051
171224 111046.000,4604.9584,N,01312.9372,E,1.51,98.71#CT    0.20  20.530   0.002   0.010   104.79     9.41   6.790 051
171224 111046.000,4604.9584,N,01312.9372,E,1.51,98.71#CT    0.20  20.530   0.002   0.010   104.79     9.41   6.790 051
171224 111047.000,4604.9586,N,01312.9373,E,0.69,20.93#CT    0.20  20.529   0.002   0.010   104.79     9.41   6.790 059
171224 111047.000,4604.9586,N,01312.9373,E,0.69,20.93#CT    0.20  20.529   0.002   0.010   104.79     9.41   6.790 059
171224 111048.000,4604.9589,N,01312.9373,E,0.98,4.94#CT    0.20  20.528   0.002   0.010   104.76     9.41   6.790 053
171224 111048.000,4604.9589,N,01312.9373,E,0.98,4.94#CT    0.20  20.527   0.002   0.010   104.76     9.41   6.790 058
171224 111049.000,4604.9589,N,01312.9372,E,0.51,4.94#CT    0.20  20.528   0.002   0.010   104.76     9.41   6.790 053
171224 111049.000,4604.9589,N,01312.9372,E,0.51,4.94#CT    0.20  20.529   0.002   0.010   104.76     9.41   6.790 052
171224 111050.000,4604.9595,N,01312.9374,E,1.25,20.64#CT    0.20  20.529   0.002   0.010   104.76     9.41   6.790 052
171224 111050.000,4604.9595,N,01312.9374,E,1.25,20.64#CT    0.20  20.527   0.002   0.010   104.78     9.41   6.790 052
171224 111051.000,4604.9599,N,01312.9374,E,1.01,17.06#CT    0.20  20.527   0.002   0.010   104.78     9.41   6.790 052
171224 111051.000,4604.9599,N,01312.9374,E,1.01,17.06#CT    0.20  20.528   0.002   0.010   104.78     9.41   6.790 059
171224 111052.000,4604.9604,N,01312.9373,E,1.06,355.47#CT    0.20  20.528   0.002   0.010   104.78     9.41   6.790 059
171224 111052.000,4604.9604,N,01312.9373,E,1.06,355.47#CT    0.20  20.527   0.002   0.010   104.78     9.41   6.790 052
171224 111053.000,4604.9607,N,01312.9370,E,1.21,327.92#CT    0.20  20.526   0.002   0.010   104.65     9.40   6.790 056
171224 111053.000,4604.9607,N,01312.9370,E,1.21,327.92#CT    0.20  20.526   0.002   0.010   104.65     9.40   6.790 056
171224 111054.000,4604.9616,N,01312.9371,E,2.03,7.82#CT    0.20  20.526   0.002   0.010   104.65     9.40   6.790 056
171224 111054.000,4604.9616,N,01312.9371,E,2.03,7.82#CT    0.20  20.526   0.002   0.010   104.65     9.40   6.790 056
171224 111055.000,4604.9620,N,01312.9369,E,0.90,0.24#CT    0.20  20.526   0.002   0.010   104.65     9.40   6.790 056
171224 111055.000,4604.9620,N,01312.9369,E,0.90,0.24#CT    0.20  20.526   0.002   0.010   104.76     9.41   6.790 059
171224 111056.000,4604.9624,N,01312.9372,E,1.21,35.57#CT    0.20  20.526   0.002   0.010   104.76     9.41   6.790 059
171224 111056.000,4604.9624,N,01312.9372,E,1.21,35.57#CT    0.20  20.526   0.002   0.010   104.76     9.41   6.790 059
171224 111057.000,4604.9628,N,01312.9373,E,1.28,7.63#CT    0.20  20.527   0.002   0.010   104.76     9.41   6.790 058
171224 111057.000,4604.9628,N,01312.9373,E,1.28,7.63#CT    0.20  20.526   0.002   0.010   104.76     9.41   6.790 059
171224 111058.000,4604.9629,N,01312.9373,E,0.96,11.53#CT    0.20  20.526   0.002   0.010   104.79     9.41   6.790 052
171224 111058.000,4604.9629,N,01312.9373,E,0.96,11.53#CT    0.20  20.526   0.002   0.010   104.79     9.41   6.790 052
171224 111059.000,4604.9628,N,01312.9373,E,0.36,11.53#CT    0.20  20.525   0.002   0.010   104.79     9.41   6.790 055
171224 111059.000,4604.9628,N,01312.9373,E,0.36,11.53#CT    0.20  20.526   0.002   0.010   104.79     9.41   6.790 052
171224 111100.000,4604.9629,N,01312.9373,E,0.34,11.53#CT    0.20  20.525   0.002   0.010   104.79     9.41   6.790 055
171224 111100.000,4604.9629,N,01312.9373,E,0.34,11.53#CT    0.20  20.525   0.002   0.010   104.64     9.40   6.790 058
171224 111101.000,4604.9629,N,01312.9374,E,0.27,11.53#CT    0.20  20.526   0.002   0.010   104.64     9.40   6.790 057
171224 111101.000,4604.9629,N,01312.9374,E,0.27,11.53#CT    0.20  20.525   0.002   0.010   104.64     9.40   6.790 058
171224 111102.000,4604.9630,N,01312.9376,E,0.64,24.31#CT    0.20  20.524   0.002   0.010   104.64     9.40   6.790 059
171224 111102.000,4604.9630,N,01312.9376,E,0.64,24.31#CT    0.20  20.524   0.002   0.010   104.64     9.40   6.790 059
171224 111103.000,4604.9632,N,01312.9377,E,0.59,44.45#CT    0.20  20.525   0.002   0.010   104.76     9.41   6.790 056
171224 111103.000,4604.9632,N,01312.9377,E,0.59,44.45#CT    0.20  20.524   0.002   0.010   104.76     9.41   6.790 057
171224 111104.000,4604.9629,N,01312.9377,E,0.39,44.45#CT    0.20  20.525   0.002   0.010   104.76     9.41   6.790 056
171224 111104.000,4604.9629,N,01312.9377,E,0.39,44.45#CT    0.20  20.524   0.002   0.010   104.76     9.41   6.790 057
171224 111105.000,4604.9630,N,01312.9378,E,0.37,44.45#CT    0.20  20.524   0.002   0.010   104.76     9.41   6.789 049
171224 111106.000,4604.9628,N,01312.9377,E,0.25,44.45#CT    0.20  20.524   0.002   0.010   104.80     9.41   6.789 056
171224 111106.000,4604.9628,N,01312.9377,E,0.25,44.45#CT    0.20  20.524   0.002   0.010   104.80     9.41   6.789 056
171224 111106.000,4604.9628,N,01312.9377,E,0.25,44.45#CT    0.20  20.523   0.002   0.010   104.80     9.41   6.789 063
171224 111107.000,4604.9627,N,01312.9376,E,0.26,44.45#CT    0.20  20.523   0.002   0.010   104.80     9.41   6.789 063
171224 111107.000,4604.9627,N,01312.9376,E,0.26,44.45#CT    0.20  20.523   0.002   0.010   104.80     9.41   6.789 063
171224 111108.000,4604.9625,N,01312.9375,E,0.33,44.45#CT    0.20  20.524   0.002   0.010   104.81     9.41   6.789 057
171224 111108.000,4604.9625,N,01312.9375,E,0.33,44.45#CT    0.20  20.524   0.002   0.010   104.81     9.41   6.789 057
171224 111109.000,4604.9626,N,01312.9375,E,0.21,44.45#CT    0.20  20.523   0.002   0.010   104.81     9.41   6.789 062
171224 111109.000,4604.9626,N,01312.9375,E,0.21,44.45#CT    0.20  20.523   0.002   0.010   104.81     9.41   6.789 062
171224 111110.000,4604.9627,N,01312.9375,E,0.37,44.45#CT    0.20  20.523   0.002   0.010   104.81     9.41   6.789 062
171224 111111.000,4604.9630,N,01312.9375,E,0.87,14.61#CT    0.20  20.523   0.002   0.010   104.83     9.42   6.789 063
171224 111111.000,4604.9630,N,01312.9375,E,0.87,14.61#CT    0.20  20.522   0.002   0.010   104.83     9.42   6.789 062
171224 111112.000,4604.9631,N,01312.9377,E,1.14,36.99#CT    0.20  20.523   0.002   0.010   104.83     9.42   6.789 063
171224 111112.000,4604.9631,N,01312.9377,E,1.14,36.99#CT    0.20  20.523   0.002   0.010   104.83     9.42   6.789 063
171224 111113.000,4604.9636,N,01312.9378,E,1.47,3.13#CT    0.20  20.522   0.002   0.010   104.83     9.42   6.789 062
171224 111113.000,4604.9636,N,01312.9378,E,1.47,3.13#CT    0.20  20.522   0.002   0.010   104.61     9.40   6.789 048
171224 111114.000,4604.9636,N,01312.9376,E,0.48,3.13#CT    0.20  20.522   0.002   0.010   104.61     9.40   6.789 048
171224 111114.000,4604.9636,N,01312.9376,E,0.48,3.13#CT    0.20  20.521   0.002   0.010   104.61     9.40   6.789 051
171224 111115.000,4604.9639,N,01312.9377,E,0.43,3.13#CT    0.20  20.521   0.002   0.010   104.61     9.40   6.789 051
171224 111115.000,4604.9639,N,01312.9377,E,0.43,3.13#CT    0.20  20.521   0.002   0.010   104.61     9.40   6.789 051
171224 111116.000,4604.9638,N,01312.9376,E,0.22,3.13#CT    0.20  20.521   0.002   0.010   104.76     9.41   6.789 052
171224 111116.000,4604.9638,N,01312.9376,E,0.22,3.13#CT    0.20  20.521   0.002   0.010   104.76     9.41   6.789 052
171224 111117.000,4604.9638,N,01312.9377,E,0.32,3.13#CT    0.20  20.521   0.002   0.010   104.76     9.41   6.788 053
171224 111117.000,4604.9638,N,01312.9377,E,0.32,3.13#CT    0.20  20.521   0.002   0.010   104.76     9.41   6.788 053
171224 111118.000,4604.9637,N,01312.9377,E,0.60,173.58#CT    0.20  20.521   0.002   0.010   104.76     9.41   6.788 053
171224 111118.000,4604.9637,N,01312.9377,E,0.60,173.58#CT    0.20  20.521   0.002   0.010   104.71     9.41   6.788 050
171224 111119.000,4604.9638,N,01312.9378,E,0.07,173.58#CT    0.20  20.521   0.002   0.010   104.71     9.41   6.788 050
171224 111119.000,4604.9638,N,01312.9378,E,0.07,173.58#CT    0.20  20.520   0.002   0.010   104.71     9.41   6.788 051
171224 111120.000,4604.9636,N,01312.9378,E,0.54,173.58#CT    0.20  20.520   0.002   0.010   104.71     9.41   6.788 051
171224 111120.000,4604.9636,N,01312.9378,E,0.54,173.58#CT    0.20  20.521   0.002   0.010   104.71     9.41   6.788 050
171224 111121.000,4604.9637,N,01312.9377,E,0.29,173.58#CT    0.20  20.520   0.002   0.010   104.76     9.41   6.788 052
171224 111121.000,4604.9637,N,01312.9377,E,0.29,173.58#CT    0.20  20.520   0.002   0.010   104.76     9.41   6.788 052
171224 111122.000,4604.9635,N,01312.9376,E,0.56,173.58#CT    0.20  20.520   0.002   0.010   104.76     9.41   6.788 052
171224 111122.000,4604.9635,N,01312.9376,E,0.56,173.58#CT    0.20  20.521   0.002   0.010   104.76     9.41   6.788 053
171224 111123.000,4604.9636,N,01312.9377,E,0.23,173.58#CT    0.20  20.520   0.002   0.010   104.76     9.41   6.788 052
171224 111123.000,4604.9636,N,01312.9377,E,0.23,173.58#CT    0.20  20.519   0.002   0.010   104.79     9.41   6.788 049
171224 111124.000,4604.9636,N,01312.9377,E,0.06,173.58#CT    0.20  20.520   0.002   0.010   104.79     9.41   6.788 059
171224 111124.000,4604.9636,N,01312.9377,E,0.06,173.58#CT    0.20  20.520   0.002   0.010   104.79     9.41   6.788 059
171224 111125.000,4604.9636,N,01312.9378,E,0.21,173.58#CT    0.20  20.519   0.002   0.010   104.79     9.41   6.788 049
171224 111125.000,4604.9636,N,01312.9378,E,0.21,173.58#CT    0.20  20.519   0.002   0.010   104.79     9.41   6.788 049
171224 111126.000,4604.9643,N,01312.9380,E,1.15,8.97#CT    0.20  20.518   0.002   0.010   104.79     9.41   6.788 048
171224 111126.000,4604.9643,N,01312.9380,E,1.15,8.97#CT    0.20  20.519   0.002   0.010   104.79     9.41   6.788 049
171224 111127.000,4604.9640,N,01312.9380,E,0.13,8.97#CT    0.20  20.519   0.002   0.010   104.79     9.41   6.788 049
171224 111127.000,4604.9640,N,01312.9380,E,0.13,8.97#CT    0.20  20.519   0.002   0.010   104.79     9.41   6.788 049
171224 111128.000,4604.9642,N,01312.9383,E,1.00,65.43#CT    0.20  20.519   0.002   0.010   104.79     9.41   6.788 049
171224 111128.000,4604.9642,N,01312.9383,E,1.00,65.43#CT    0.20  20.519   0.002   0.010   104.71     9.41   6.788 057
171224 111129.000,4604.9640,N,01312.9381,E,0.30,65.43#CT    0.20  20.520   0.002   0.010   104.71     9.41   6.788 051
171224 111129.000,4604.9640,N,01312.9381,E,0.30,65.43#CT    0.20  20.520   0.002   0.010   104.71     9.41   6.788 051
171224 111130.000,4604.9639,N,01312.9380,E,0.56,65.43#CT    0.20  20.519   0.002   0.010   104.71     9.41   6.788 057
171224 111130.000,4604.9639,N,01312.9380,E,0.56,65.43#CT    0.20  20.519   0.002   0.010   104.71     9.41   6.788 057
171224 111131.000,4604.9643,N,01312.9380,E,0.58,353.74#CT    0.20  20.519   0.002   0.010   104.64     9.40   6.788 060
171224 111131.000,4604.9643,N,01312.9380,E,0.58,353.74#CT    0.20  20.518   0.002   0.010   104.64     9.40   6.788 061
171224 111132.000,4604.9645,N,01312.9381,E,1.09,358.79#CT    0.20  20.518   0.002   0.010   104.64     9.40   6.788 061
171224 111132.000,4604.9645,N,01312.9381,E,1.09,358.79#CT    0.20  20.519   0.002   0.010   104.64     9.40   6.788 060
171224 111133.000,4604.9645,N,01312.9382,E,0.64,5.96#CT    0.20  20.518   0.002   0.010   104.64     9.40   6.788 061
171224 111133.000,4604.9645,N,01312.9382,E,0.64,5.96#CT    0.20  20.518   0.002   0.010   104.81     9.42   6.788 052
171224 111134.000,4604.9641,N,01312.9381,E,0.18,5.96#CT    0.20  20.518   0.002   0.010   104.81     9.42   6.788 052
171224 111134.000,4604.9641,N,01312.9381,E,0.18,5.96#CT    0.20  20.518   0.002   0.010   104.81     9.42   6.788 052
171224 111135.000,4604.9638,N,01312.9381,E,0.30,5.96#CT    0.20  20.518   0.002   0.010   104.81     9.42   6.788 052
171224 111135.000,4604.9638,N,01312.9381,E,0.30,5.96#CT    0.20  20.519   0.002   0.010   104.81     9.42   6.788 053
171224 111136.000,4604.9642,N,01312.9385,E,1.34,33.74#CT    0.20  20.519   0.002   0.010   104.86     9.42   6.788 050
171224 111136.000,4604.9642,N,01312.9385,E,1.34,33.74#CT    0.20  20.518   0.002   0.010   104.86     9.42   6.788 051
171224 111137.000,4604.9644,N,01312.9386,E,1.31,12.01#CT    0.20  20.518   0.002   0.010   104.86     9.42   6.788 051
171224 111137.000,4604.9644,N,01312.9386,E,1.31,12.01#CT    0.20  20.518   0.002   0.010   104.86     9.42   6.788 051
171224 111138.000,4604.9641,N,01312.9383,E,0.05,12.01#CT    0.20  20.518   0.002   0.010   104.86     9.42   6.788 051
171224 111139.000,4604.9642,N,01312.9383,E,0.34,12.01#CT    0.20  20.518   0.002   0.010   104.73     9.41   6.788 058
171224 111139.000,4604.9642,N,01312.9383,E,0.34,12.01#CT    0.20  20.518   0.002   0.010   104.73     9.41   6.788 058
171224 111139.000,4604.9642,N,01312.9383,E,0.34,12.01#CT    0.20  20.518   0.002   0.010   104.73     9.41   6.788 058
171224 111140.000,4604.9639,N,01312.9382,E,1.19,171.03#CT    0.20  20.518   0.002   0.010   104.73     9.41   6.788 058
171224 111140.000,4604.9639,N,01312.9382,E,1.19,171.03#CT    0.20  20.519   0.002   0.010   104.73     9.41   6.788 059
171224 111141.000,4604.9642,N,01312.9385,E,0.38,171.03#CT    0.20  20.519   0.002   0.010   104.78     9.41   6.788 048
171224 111142.000,4604.9639,N,01312.9383,E,0.55,171.03#CT    0.20  20.519   0.002   0.010   104.78     9.41   6.788 048
171224 111142.000,4604.9639,N,01312.9383,E,0.55,171.03#CT    0.20  20.519   0.002   0.010   104.78     9.41   6.787 063
171224 111143.000,4604.9640,N,01312.9383,E,0.37,171.03#CT    0.20  20.520   0.002   0.010   104.78     9.41   6.787 053
171224 111143.000,4604.9640,N,01312.9383,E,0.37,171.03#CT    0.20  20.520   0.002   0.010   104.78     9.41   6.787 053
171224 111144.000,4604.9642,N,01312.9384,E,0.49,171.03#CT    0.20  20.520   0.002   0.010   104.80     9.41   6.787 050
171224 111144.000,4604.9642,N,01312.9384,E,0.49,171.03#CT    0.20  20.520   0.002   0.010   104.80     9.41   6.787 050
171224 111145.000,4604.9643,N,01312.9382,E,0.30,171.03#CT    0.20  20.519   0.002   0.010   104.80     9.41   6.787 056
171224 111145.000,4604.9643,N,01312.9382,E,0.30,171.03#CT    0.20  20.519   0.002   0.010   104.80     9.41   6.787 056
171224 111146.000,4604.9639,N,01312.9380,E,0.86,204.34#CT    0.20  20.519   0.002   0.010   104.80     9.41   6.787 056
171224 111146.000,4604.9639,N,01312.9380,E,0.86,204.34#CT    0.20  20.519   0.002   0.010   104.82     9.42   6.787 057
171224 111147.000,4604.9642,N,01312.9382,E,0.40,204.34#CT    0.20  20.519   0.002   0.010   104.82     9.42   6.787 057
171224 111147.000,4604.9642,N,01312.9382,E,0.40,204.34#CT    0.20  20.519   0.002   0.010   104.82     9.42   6.787 057
171224 111148.000,4604.9643,N,01312.9382,E,1.04,26.60#CT    0.20  20.519   0.002   0.010   104.82     9.42   6.787 057
171224 111148.000,4604.9643,N,01312.9382,E,1.04,26.60#CT    0.20  20.519   0.002   0.010   104.82     9.42   6.787 057
171224 111149.000,4604.9641,N,01312.9380,E,0.48,26.60#CT    0.20  20.518   0.002   0.010   104.75     9.41   6.787 051
171224 111149.000,4604.9641,N,01312.9380,E,0.48,26.60#CT    0.20  20.519   0.002   0.010   104.75     9.41   6.787 050
171224 111150.000,4604.9641,N,01312.9378,E,0.35,26.60#CT    0.20  20.518   0.002   0.010   104.75     9.41   6.787 051
171224 111150.000,4604.9641,N,01312.9378,E,0.35,26.60#CT    0.20  20.520   0.002   0.010   104.75     9.41   6.787 056
171224 111151.000,4604.9639,N,01312.9375,E,1.13,205.45#CT    0.20  20.521   0.002   0.010   104.75     9.41   6.787 057
171224 111151.000,4604.9639,N,01312.9375,E,1.13,205.45#CT    0.20  20.520   0.002   0.010   104.87     9.42   6.787 054
171224 111152.000,4604.9636,N,01312.9370,E,1.71,215.37#CT    0.20  20.520   0.002   0.010   104.87     9.42   6.787 054
171224 111152.000,4604.9636,N,01312.9370,E,1.71,215.37#CT    0.20  20.519   0.002   0.010   104.87     9.42   6.787 060
171224 111153.000,4604.9631,N,01312.9366,E,1.84,198.53#CT    0.20  20.519   0.002   0.010   104.87     9.42   6.787 060
171224 111153.000,4604.9631,N,01312.9366,E,1.84,198.53#CT    0.20  20.519   0.002   0.010   104.87     9.42   6.787 060
171224 111154.000,4604.9631,N,01312.9365,E,0.77,209.39#CT    0.20  20.520   0.002   0.010   104.77     9.41   6.787 058
171224 111154.000,4604.9631,N,01312.9365,E,0.77,209.39#CT    0.20  20.520   0.002   0.010   104.77     9.41   6.787 058
171224 111155.000,4604.9635,N,01312.9365,E,0.16,209.39#CT    0.20  20.520   0.002   0.010   104.77     9.41   6.786 059
171224 111155.000,4604.9635,N,01312.9365,E,0.16,209.39#CT    0.20  20.521   0.002   0.010   104.77     9.41   6.786 058
171224 111156.000,4604.9638,N,01312.9367,E,0.61,68.45#CT    0.20  20.520   0.002   0.010   104.77     9.41   6.786 059
171224 111156.000,4604.9638,N,01312.9367,E,0.61,68.45#CT    0.20  20.520   0.002   0.010   104.78     9.41   6.786 052
171224 111157.000,4604.9639,N,01312.9369,E,0.43,68.45#CT    0.20  20.521   0.002   0.010   104.78     9.41   6.786 053
171224 111157.000,4604.9639,N,01312.9369,E,0.43,68.45#CT    0.20  20.521   0.002   0.010   104.78     9.41   6.786 053
171224 111158.000,4604.9644,N,01312.9373,E,0.98,39.18#CT    0.20  20.521   0.002   0.010   104.78     9.41   6.786 053
171224 111158.000,4604.9644,N,01312.9373,E,0.98,39.18#CT    0.20  20.520   0.002   0.010   104.78     9.41   6.786 052
171224 111159.000,4604.9649,N,01312.9377,E,1.25,43.18#CT    0.20  20.520   0.002   0.010   104.71     9.41   6.786 061
171224 111159.000,4604.9649,N,01312.9377,E,1.25,43.18#CT    0.20  20.520   0.002   0.010   104.71     9.41   6.786 061
171224 111200.000,4604.9651,N,01312.9378,E,0.55,43.18#CT    0.20  20.520   0.002   0.010   104.71     9.41   6.786 061
171224 111200.000,4604.9651,N,01312.9378,E,0.55,43.18#CT    0.20  20.521   0.002   0.010   104.71     9.41   6.786 060
171224 111201.000,4604.9654,N,01312.9378,E,0.51,43.18#CT    0.20  20.520   0.002   0.010   104.71     9.41   6.786 061
171224 111201.000,4604.9654,N,01312.9378,E,0.51,43.18#CT    0.20  20.520   0.002   0.010   104.87     9.42   6.786 055
171224 111202.000,4604.9653,N,01312.9378,E,0.46,43.18#CT    0.20  20.520   0.002   0.010   104.87     9.42   6.786 055
171224 111202.000,4604.9653,N,01312.9378,E,0.46,43.18#CT    0.20  20.521   0.002   0.010   104.87     9.42   6.786 054
171224 111203.000,4604.9652,N,01312.9379,E,0.15,43.18#CT    0.20  20.521   0.002   0.010   104.87     9.42   6.786 054
171224 111203.000,4604.9652,N,01312.9379,E,0.15,43.18#CT    0.20  20.521   0.002   0.010   104.87     9.42   6.786 054
171224 111204.000,4604.9649,N,01312.9379,E,0.40,43.18#CT    0.20  20.521   0.002   0.010   104.84     9.42   6.786 053
171224 111204.000,4604.9649,N,01312.9379,E,0.40,43.18#CT    0.20  20.521   0.002   0.010   104.84     9.42   6.786 053
171224 111205.000,4604.9647,N,01312.9379,E,0.38,43.18#CT    0.20  20.520   0.002   0.010   104.84     9.42   6.786 052
171224 111205.000,4604.9647,N,01312.9379,E,0.38,43.18#CT    0.20  20.519   0.002   0.010   104.84     9.42   6.786 062
171224 111206.000,4604.9643,N,01312.9377,E,0.81,43.18#CT    0.20  20.520   0.002   0.010   104.84     9.42   6.786 052
171224 111206.000,4604.9643,N,01312.9377,E,0.81,43.18#CT    0.20  20.520   0.002   0.010   104.74     9.41   6.786 056
171224 111207.000,4604.9647,N,01312.9379,E,0.46,43.18#CT    0.20  20.519   0.002   0.010   104.74     9.41   6.786 050
171224 111207.000,4604.9647,N,01312.9379,E,0.46,43.18#CT    0.20  20.519   0.002   0.010   104.74     9.41   6.786 050
171224 111208.000,4604.9650,N,01312.9380,E,0.87,43.18#CT    0.20  20.520   0.002   0.010   104.74     9.41   6.786 056
171224 111208.000,4604.9650,N,01312.9380,E,0.87,43.18#CT    0.20  20.521   0.002   0.010   104.74     9.41   6.785 058
171224 111209.000,4604.9654,N,01312.9382,E,1.29,43.18#CT    0.20  20.521   0.002   0.010   104.85     9.42   6.785 055
171224 111209.000,4604.9654,N,01312.9382,E,1.29,43.18#CT    0.20  20.520   0.002   0.010   104.85     9.42   6.785 054
171224 111210.000,4604.9657,N,01312.9384,E,1.23,43.18#CT    0.20  20.519   0.002   0.010   104.85     9.42   6.785 060
171224 111210.000,4604.9657,N,01312.9384,E,1.23,43.18#CT    0.20  20.520   0.002   0.010   104.85     9.42   6.785 054
171224 111211.000,4604.9660,N,01312.9388,E,1.41,43.18#CT    0.20  20.520   0.002   0.010   104.85     9.42   6.785 054
171224 111212.000,4604.9658,N,01312.9389,E,0.04,43.18#CT    0.20  20.519   0.002   0.010   104.73     9.41   6.785 054
171224 111212.000,4604.9658,N,01312.9389,E,0.04,43.18#CT    0.20  20.520   0.002   0.010   104.73     9.41   6.785 060
171224 111212.000,4604.9658,N,01312.9389,E,0.04,43.18#CT    0.20  20.520   0.002   0.010   104.73     9.41   6.785 060
171224 111213.000,4604.9658,N,01312.9392,E,0.05,43.18#CT    0.20  20.519   0.002   0.010   104.73     9.41   6.785 054
171224 111214.000,4604.9655,N,01312.9391,E,0.07,43.18#CT    0.20  20.519   0.002   0.010   104.73     9.41   6.785 054
171224 111214.000,4604.9655,N,01312.9391,E,0.07,43.18#CT    0.20  20.519   0.002   0.010   104.84     9.42   6.785 061
171224 111215.000,4604.9654,N,01312.9391,E,0.05,43.18#CT    0.20  20.519   0.002   0.010   104.84     9.42   6.785 061
171224 111215.000,4604.9654,N,01312.9391,E,0.05,43.18#CT    0.20  20.520   0.002   0.010   104.84     9.42   6.785 055
171224 111216.000,4604.9649,N,01312.9392,E,0.11,43.18#CT    0.20  20.519   0.002   0.010   104.84     9.42   6.785 061
171224 111216.000,4604.9649,N,01312.9392,E,0.11,43.18#CT    0.20  20.519   0.002   0.010   104.84     9.42   6.785 061
171224 111217.000,4604.9646,N,01312.9391,E,0.10,43.18#CT    0.20  20.519   0.002   0.010   104.86     9.42   6.785 063
171224 111217.000,4604.9646,N,01312.9391,E,0.10,43.18#CT    0.20  20.519   0.002   0.010   104.86     9.42   6.785 063
171224 111218.000,4604.9649,N,01312.9391,E,0.05,43.18#CT    0.20  20.520   0.002   0.010   104.86     9.42   6.785 053
171224 111218.000,4604.9649,N,01312.9391,E,0.05,43.18#CT    0.20  20.519   0.002   0.010   104.86     9.42   6.785 063
171224 111219.000,4604.9651,N,01312.9393,E,0.03,43.18#CT    0.20  20.519   0.002   0.010   104.86     9.42   6.785 063
171224 111219.000,4604.9651,N,01312.9393,E,0.03,43.18#CT    0.20  20.519   0.002   0.010   104.75     9.41   6.785 048
171224 111220.000,4604.9652,N,01312.9392,E,0.03,43.18#CT    0.20  20.518   0.002   0.010   104.75     9.41   6.785 049
171224 111220.000,4604.9652,N,01312.9392,E,0.03,43.18#CT    0.20  20.519   0.002   0.010   104.75     9.41   6.785 048
171224 111221.000,4604.9652,N,01312.9392,E,0.06,43.18#CT    0.20  20.519   0.002   0.010   104.75     9.41   6.785 048
171224 111221.000,4604.9652,N,01312.9392,E,0.06,43.18#CT    0.20  20.519   0.002   0.010   104.75     9.41   6.784 049
171224 111222.000,4604.9653,N,01312.9392,E,0.03,43.18#CT    0.20  20.518   0.002   0.010   104.75     9.41   6.784 048
171224 111222.000,4604.9653,N,01312.9392,E,0.03,43.18#CT    0.20  20.518   0.002   0.010   104.75     9.41   6.784 048
171224 111223.000,4604.9653,N,01312.9393,E,0.96,43.18#CT    0.20  20.519   0.002   0.010   104.75     9.41   6.784 049
171224 111223.000,4604.9653,N,01312.9393,E,0.96,43.18#CT    0.20  20.519   0.002   0.010   104.75     9.41   6.784 049
171224 111224.000,4604.9653,N,01312.9392,E,0.76,43.18#CT    0.20  20.520   0.002   0.010   104.75     9.41   6.784 059
171224 111224.000,4604.9653,N,01312.9392,E,0.76,43.18#CT    0.20  20.519   0.002   0.010   104.82     9.42   6.784 058
171224 111225.000,4604.9655,N,01312.9391,E,0.53,43.18#CT    0.20  20.519   0.002   0.010   104.82     9.42   6.784 058
171224 111225.000,4604.9655,N,01312.9391,E,0.53,43.18#CT    0.20  20.518   0.002   0.010   104.82     9.42   6.784 059
171224 111226.000,4604.9654,N,01312.9390,E,0.47,43.18#CT    0.20  20.518   0.002   0.010   104.82     9.42   6.784 059
171224 111226.000,4604.9654,N,01312.9390,E,0.47,43.18#CT    0.20  20.518   0.002   0.010   104.82     9.42   6.784 059
171224 111227.000,4604.9651,N,01312.9387,E,0.83,43.18#CT    0.20  20.519   0.002   0.010   104.74     9.41   6.784 048
171224 111227.000,4604.9651,N,01312.9387,E,0.83,43.18#CT    0.20  20.518   0.002   0.010   104.74     9.41   6.784 049
171224 111228.000,4604.9650,N,01312.9386,E,0.75,43.18#CT    0.20  20.519   0.002   0.010   104.74     9.41   6.784 048
171224 111228.000,4604.9650,N,01312.9386,E,0.75,43.18#CT    0.20  20.519   0.002   0.010   104.74     9.41   6.784 048
171224 111229.000,4604.9649,N,01312.9385,E,0.54,43.18#CT    0.20  20.518   0.002   0.010   104.74     9.41   6.784 049
171224 111229.000,4604.9649,N,01312.9385,E,0.54,43.18#CT    0.20  20.518   0.002   0.010   104.70     9.41   6.784 053
171224 111230.000,4604.9648,N,01312.9384,E,0.37,43.18#CT    0.20  20.518   0.002   0.010   104.70     9.41   6.784 053
171224 111230.000,4604.9648,N,01312.9384,E,0.37,43.18#CT    0.20  20.518   0.002   0.010   104.70     9.41   6.783 050
171224 111231.000,4604.9645,N,01312.9383,E,0.40,43.18#CT    0.20  20.518   0.002   0.010   104.70     9.41   6.783 050
171224 111231.000,4604.9645,N,01312.9383,E,0.40,43.18#CT    0.20  20.518   0.002   0.010   104.70     9.41   6.783 050
171224 111232.000,4604.9650,N,01312.9383,E,0.81,43.18#CT    0.20  20.518   0.002   0.010   104.89     9.42   6.783 055
171224 111232.000,4604.9650,N,01312.9383,E,0.81,43.18#CT    0.20  20.517   0.002   0.010   104.89     9.42   6.783 056
171224 111233.000,4604.9652,N,01312.9383,E,0.81,43.18#CT    0.20  20.517   0.002   0.010   104.89     9.42   6.783 056
171224 111233.000,4604.9652,N,01312.9383,E,0.81,43.18#CT    0.20  20.516   0.002   0.010   104.89     9.42   6.783 057
171224 111234.000,4604.9651,N,01312.9382,E,0.19,43.18#CT    0.20  20.517   0.002   0.010   104.89     9.42   6.783 056
171224 111234.000,4604.9651,N,01312.9382,E,0.19,43.18#CT    0.20  20.517   0.002   0.010   104.76     9.41   6.783 059
171224 111235.000,4604.9651,N,01312.9381,E,0.14,43.18#CT    0.20  20.518   0.002   0.010   104.76     9.41   6.783 052
171224 111235.000,4604.9651,N,01312.9381,E,0.14,43.18#CT    0.20  20.517   0.002   0.010   104.76     9.41   6.783 059
171224 111236.000,4604.9652,N,01312.9380,E,0.47,43.18#CT    0.20  20.517   0.002   0.010   104.76     9.41   6.783 059
171224 111236.000,4604.9652,N,01312.9380,E,0.47,43.18#CT    0.20  20.517   0.002   0.010   104.76     9.41   6.783 059
171224 111237.000,4604.9650,N,01312.9379,E,0.45,43.18#CT    0.20  20.517   0.002   0.010   104.80     9.42   6.783 049
171224 111237.000,4604.9650,N,01312.9379,E,0.45,43.18#CT    0.20  20.516   0.002   0.010   104.80     9.42   6.783 048
171224 111238.000,4604.9647,N,01312.9377,E,0.37,43.18#CT    0.20  20.515   0.002   0.010   104.80     9.42   6.783 051
171224 111238.000,4604.9647,N,01312.9377,E,0.37,43.18#CT    0.20  20.516   0.002   0.010   104.80     9.42   6.782 049
171224 111239.000,4604.9647,N,01312.9376,E,0.43,43.18#CT    0.20  20.516   0.002   0.010   104.80     9.42   6.782 049
171224 111239.000,4604.9647,N,01312.9376,E,0.43,43.18#CT    0.20  20.516   0.002   0.010   104.83     9.42   6.782 050
171224 111240.000,4604.9645,N,01312.9374,E,0.49,43.18#CT    0.20  20.515   0.002   0.010   104.83     9.42   6.782 049
171224 111240.000,4604.9645,N,01312.9374,E,0.49,43.18#CT    0.20  20.515   0.002   0.010   104.83     9.42   6.782 049
171224 111241.000,4604.9645,N,01312.9371,E,0.56,291.47#CT    0.20  20.515   0.002   0.010   104.83     9.42   6.782 049
171224 111241.000,4604.9645,N,01312.9371,E,0.56,291.47#CT    0.20  20.515   0.002   0.010   104.83     9.42   6.782 049
171224 111242.000,4604.9645,N,01312.9369,E,0.58,353.18#CT    0.20  20.516   0.002   0.010   104.73     9.41   6.782 062
171224 111242.000,4604.9645,N,01312.9369,E,0.58,353.18#CT    0.20  20.515   0.002   0.010   104.73     9.41   6.782 061
171224 111243.000,4604.9647,N,01312.9367,E,0.60,353.18#CT    0.20  20.515   0.002   0.010   104.73     9.41   6.782 061
171224 111243.000,4604.9647,N,01312.9367,E,0.60,353.18#CT    0.20  20.515   0.002   0.010   104.73     9.41   6.782 061
171224 111244.000,4604.9644,N,01312.9367,E,0.77,186.12#CT    0.20  20.515   0.002   0.010   104.73     9.41   6.782 061
171224 111245.000,4604.9644,N,01312.9367,E,0.40,186.12#CT    0.20  20.515   0.002   0.010   104.94     9.43   6.782 054
171224 111245.000,4604.9644,N,01312.9367,E,0.40,186.12#CT    0.20  20.515   0.002   0.010   104.94     9.43   6.782 054
171224 111245.000,4604.9644,N,01312.9367,E,0.40,186.12#CT    0.20  20.514   0.002   0.010   104.94     9.43   6.782 055
171224 111246.000,4604.9643,N,01312.9368,E,0.82,62.90#CT    0.20  20.514   0.002   0.010   104.94     9.43   6.782 055
171224 111246.000,4604.9643,N,01312.9368,E,0.82,62.90#CT    0.20  20.514   0.002   0.010   104.94     9.43   6.782 055
171224 111247.000,4604.9642,N,01312.9368,E,0.17,62.90#CT    0.20  20.514   0.002   0.010   104.67     9.40   6.782 056
171224 111248.000,4604.9643,N,01312.9368,E,0.60,17.55#CT    0.20  20.514   0.002   0.010   104.67     9.40   6.782 056
171224 111248.000,4604.9643,N,01312.9368,E,0.60,17.55#CT    0.20  20.514   0.002   0.010   104.67     9.40   6.782 056
171224 111249.000,4604.9643,N,01312.9367,E,0.56,17.55#CT    0.20  20.514   0.002   0.010   104.67     9.40   6.782 056
171224 111249.000,4604.9643,N,01312.9367,E,0.56,17.55#CT    0.20  20.513   0.002   0.010   104.67     9.40   6.782 063
171224 111250.000,4604.9641,N,01312.9366,E,0.58,200.28#CT    0.20  20.513   0.002   0.010   104.85     9.42   6.782 049
171224 111250.000,4604.9641,N,01312.9366,E,0.58,200.28#CT    0.20  20.514   0.002   0.010   104.85     9.42   6.782 054
171224 111251.000,4604.9641,N,01312.9365,E,0.83,353.81#CT    0.20  20.514   0.002   0.010   104.85     9.42   6.781 053
171224 111251.000,4604.9641,N,01312.9365,E,0.83,353.81#CT    0.20  20.514   0.002   0.010   104.85     9.42   6.781 053
171224 111252.000,4604.9640,N,01312.9364,E,0.19,353.81#CT    0.20  20.514   0.002   0.010   104.85     9.42   6.781 053
171224 111252.000,4604.9640,N,01312.9364,E,0.19,353.81#CT    0.20  20.514   0.002   0.010   104.86     9.42   6.781 054
171224 111253.000,4604.9642,N,01312.9364,E,0.83,40.85#CT    0.20  20.513   0.002   0.010   104.86     9.42   6.781 049
171224 111253.000,4604.9642,N,01312.9364,E,0.83,40.85#CT    0.20  20.513   0.002   0.010   104.86     9.42   6.781 049
171224 111254.000,4604.9642,N,01312.9364,E,0.53,40.85#CT    0.20  20.513   0.002   0.010   104.86     9.42   6.781 049
171224 111254.000,4604.9642,N,01312.9364,E,0.53,40.85#CT    0.20  20.515   0.002   0.010   104.86     9.42   6.781 055
171224 111255.000,4604.9641,N,01312.9363,E,0.10,40.85#CT    0.20  20.514   0.002   0.010   104.83     9.42   6.781 051
