111224 085440.000,4604.9562,N,01312.9243,E,0.17,352.05#CT    0.12  19.688   0.002   0.010   104.25     7.70   3.396 058
111224 085440.000,4604.9562,N,01312.9243,E,0.17,352.05#CT    0.12  19.694   0.002   0.010   104.25     7.70   3.382 050
111224 085441.000,4604.9562,N,01312.9246,E,0.17,352.05#CT    0.12  19.706   0.002   0.010   104.25     7.70   3.365 049
111224 085441.000,4604.9562,N,01312.9246,E,0.17,352.05#CT    0.12  19.712   0.002   0.010   104.25     7.70   3.363 050
111224 085442.000,4604.9561,N,01312.9248,E,0.07,352.05#CT    0.12  19.717   0.002   0.010   104.25     7.70   3.376 051
111224 085443.000,4604.9565,N,01312.9251,E,0.09,352.05#CT    0.12  19.721   0.002   0.010   104.39     9.53   3.377 053
111224 085443.000,4604.9565,N,01312.9251,E,0.09,352.05#CT    0.12  19.724   0.002   0.010   104.39     9.53   3.384 060
111224 085444.000,4604.9569,N,01312.9255,E,0.08,352.05#CT    0.12  19.727   0.002   0.010   104.39     9.53   3.385 062
111224 085444.000,4604.9569,N,01312.9255,E,0.08,352.05#CT    0.12  19.730   0.002   0.010   104.39     9.53   3.385 056
111224 085445.000,4604.9573,N,01312.9256,E,0.10,352.05#CT    0.12  19.733   0.002   0.010   104.39     9.53   3.385 059
111224 085445.000,4604.9573,N,01312.9256,E,0.10,352.05#CT    0.12  19.736   0.002   0.010   104.34     9.52   3.383 052
111224 085446.000,4604.9577,N,01312.9259,E,0.11,352.05#CT    0.12  19.740   0.002   0.010   104.34     9.52   3.367 063
111224 085446.000,4604.9577,N,01312.9259,E,0.11,352.05#CT    0.12  19.745   0.002   0.010   104.34     9.52   3.348 055
111224 085447.000,4604.9583,N,01312.9257,E,0.18,352.05#CT    0.12  19.749   0.002   0.010   104.34     9.52   3.360 049
111224 085447.000,4604.9583,N,01312.9257,E,0.18,352.05#CT    0.12  19.753   0.002   0.010   104.34     9.52   3.362 056
111224 085448.000,4604.9587,N,01312.9259,E,0.06,352.05#CT    0.12  19.757   0.002   0.010   104.31     9.52   3.370 058
111224 085448.000,4604.9587,N,01312.9259,E,0.06,352.05#CT    0.12  19.762   0.002   0.010   104.31     9.52   3.370 060
111224 085449.000,4604.9589,N,01312.9259,E,0.08,352.05#CT    0.12  19.766   0.002   0.010   104.31     9.52   3.369 048
111224 085449.000,4604.9589,N,01312.9259,E,0.08,352.05#CT    0.12  19.771   0.002   0.010   104.31     9.52   3.369 054
111224 085450.000,4604.9593,N,01312.9259,E,0.08,352.05#CT    0.12  19.774   0.002   0.010   104.31     9.52   3.368 050
111224 085450.000,4604.9593,N,01312.9259,E,0.08,352.05#CT    0.12  19.777   0.002   0.010   104.31     9.51   3.368 050
111224 085451.000,4604.9596,N,01312.9259,E,0.11,352.05#CT    0.12  19.781   0.002   0.010   104.31     9.51   3.368 059
111224 085451.000,4604.9596,N,01312.9259,E,0.11,352.05#CT    0.12  19.785   0.002   0.010   104.31     9.51   3.368 063
111224 085452.000,4604.9597,N,01312.9259,E,0.05,352.05#CT    0.12  19.788   0.002   0.010   104.31     9.51   3.369 051
111224 085452.000,4604.9597,N,01312.9259,E,0.05,352.05#CT    0.12  19.793   0.002   0.010   104.31     9.51   3.368 056
111224 085453.000,4604.9599,N,01312.9257,E,0.10,352.05#CT    0.12  19.798   0.002   0.010   104.29     9.51   3.368 058
111224 085453.000,4604.9599,N,01312.9257,E,0.10,352.05#CT    0.12  19.804   0.002   0.010   104.29     9.51   3.367 063
111224 085454.000,4604.9604,N,01312.9255,E,0.19,352.05#CT    0.12  19.808   0.002   0.010   104.29     9.51   3.368 060
111224 085454.000,4604.9604,N,01312.9255,E,0.19,352.05#CT    0.12  19.811   0.002   0.010   104.29     9.51   3.368 052
