100524 073844.000,4604.8617,N,01313.0356,E,0.07,56.94#CT   -0.45  20.360   0.002   0.010   105.94     7.82   9.837 048
100524 073844.000,4604.8617,N,01313.0356,E,0.07,56.94#CT   -0.45  20.363   0.002   0.010   105.94     7.82   9.842 049
100524 073845.000,4604.8616,N,01313.0355,E,0.07,56.94#CT   -0.45  20.367   0.002   0.010   105.94     7.82   9.846 049
100524 073845.000,4604.8616,N,01313.0355,E,0.07,56.94#CT   -0.45  20.373   0.002   0.010   105.94     7.82   9.846 052
100524 073846.000,4604.8616,N,01313.0354,E,0.14,56.94#CT   -0.45  20.379   0.002   0.010   105.94     7.82   9.847 063
100524 073846.000,4604.8616,N,01313.0354,E,0.14,56.94#CT   -0.45  20.385   0.002   0.010   105.53     9.51   9.847 055
100524 073847.000,4604.8615,N,01313.0353,E,0.16,56.94#CT   -0.45  20.391   0.002   0.010   105.53     9.51   9.847 050
100524 073847.000,4604.8615,N,01313.0353,E,0.16,56.94#CT   -0.45  20.397   0.002   0.010   105.53     9.51   9.847 052
100524 073848.000,4604.8614,N,01313.0352,E,0.19,56.94#CT   -0.45  20.401   0.002   0.010   105.53     9.51   9.848 051
100524 073848.000,4604.8614,N,01313.0352,E,0.19,56.94#CT   -0.45  20.406   0.002   0.010   105.53     9.51   9.847 059
100524 073849.000,4604.8613,N,01313.0353,E,0.20,56.94#CT   -0.45  20.409   0.002   0.010   105.47     9.50   9.847 048
100524 073849.000,4604.8613,N,01313.0353,E,0.20,56.94#CT   -0.45  20.413   0.002   0.010   105.47     9.50   9.848 052
100524 073850.000,4604.8613,N,01313.0355,E,0.40,56.94#CT   -0.45  20.418   0.002   0.010   105.47     9.50   9.848 063
100524 073850.000,4604.8613,N,01313.0355,E,0.40,56.94#CT   -0.45  20.423   0.002   0.010   105.47     9.50   9.848 055
100524 073851.000,4604.8613,N,01313.0355,E,0.12,56.94#CT   -0.45  20.426   0.002   0.010   105.47     9.50   9.849 051
100524 073851.000,4604.8613,N,01313.0355,E,0.12,56.94#CT   -0.45  20.431   0.002   0.010   105.64     9.51   9.850 061
100524 073852.000,4604.8612,N,01313.0356,E,0.12,56.94#CT   -0.45  20.435   0.002   0.010   105.64     9.51   9.850 057
100524 073852.000,4604.8612,N,01313.0356,E,0.12,56.94#CT   -0.45  20.439   0.002   0.010   105.64     9.51   9.850 053
100524 073853.000,4604.8611,N,01313.0355,E,0.13,56.94#CT   -0.45  20.443   0.002   0.010   105.64     9.51   9.851 057
100524 073853.000,4604.8611,N,01313.0355,E,0.13,56.94#CT   -0.45  20.441   0.002   0.010   105.64     9.51   9.851 059
100524 073854.000,4604.8611,N,01313.0356,E,0.04,56.94#CT   -0.45  20.431   0.002   0.010   105.53     9.50   9.852 058
100524 073854.000,4604.8611,N,01313.0356,E,0.04,56.94#CT   -0.45  20.425   0.002   0.010   105.53     9.50   9.852 063
100524 073855.000,4604.8611,N,01313.0356,E,0.07,56.94#CT   -0.45  20.422   0.002   0.010   105.53     9.50   9.852 056
100524 073855.000,4604.8611,N,01313.0356,E,0.07,56.94#CT   -0.45  20.423   0.002   0.010   105.53     9.50   9.852 057
100524 073856.000,4604.8611,N,01313.0356,E,0.06,56.94#CT   -0.45  20.425   0.002   0.010   105.53     9.50   9.852 063
100524 073856.000,4604.8611,N,01313.0356,E,0.06,56.94#CT   -0.45  20.427   0.002   0.010   105.53     9.50   9.851 062
100524 073857.000,4604.8611,N,01313.0356,E,0.09,56.94#CT   -0.45  20.426   0.002   0.010   105.53     9.50   9.851 063
100524 073857.000,4604.8611,N,01313.0356,E,0.09,56.94#CT   -0.45  20.424   0.002   0.010   105.53     9.50   9.850 060
100524 073858.000,4604.8610,N,01313.0356,E,0.16,56.94#CT   -0.45  20.424   0.002   0.010   105.53     9.50   9.858 052
100524 073858.000,4604.8610,N,01313.0356,E,0.16,56.94#CT   -0.45  20.423   0.002   0.010   105.53     9.50   9.868 048
100524 073859.000,4604.8608,N,01313.0356,E,0.59,191.36#CT   -0.45  20.420   0.002   0.010   105.40     9.49   9.856 052
100524 073859.000,4604.8608,N,01313.0356,E,0.59,191.36#CT   -0.45  20.419   0.002   0.010   105.40     9.49   9.854 060
100524 073900.000,4604.8607,N,01313.0355,E,0.36,191.36#CT   -0.45  20.417   0.002   0.010   105.40     9.49   9.862 055
100524 073900.000,4604.8607,N,01313.0355,E,0.36,191.36#CT   -0.45  20.415   0.002   0.010   105.40     9.49   9.849 060
100524 073901.000,4604.8605,N,01313.0355,E,0.03,191.36#CT   -0.45  20.415   0.002   0.010   105.40     9.49   9.851 053
100524 073902.000,4604.8604,N,01313.0356,E,0.32,191.36#CT   -0.45  20.415   0.002   0.010   105.40     9.49   9.848 061
100524 073902.000,4604.8604,N,01313.0356,E,0.32,191.36#CT   -0.45  20.414   0.002   0.010   105.40     9.49   9.851 052
100524 073902.000,4604.8604,N,01313.0356,E,0.32,191.36#CT   -0.45  20.416   0.002   0.010   105.40     9.49   9.863 055
100524 073903.000,4604.8603,N,01313.0355,E,0.14,191.36#CT   -0.45  20.421   0.002   0.010   105.40     9.49   9.865 053
100524 073903.000,4604.8603,N,01313.0355,E,0.14,191.36#CT   -0.45  20.428   0.002   0.010   105.40     9.49   9.865 060
100524 073904.000,4604.8603,N,01313.0355,E,0.20,191.36#CT   -0.45  20.435   0.002   0.010   105.56     9.50   9.864 062
100524 073904.000,4604.8603,N,01313.0355,E,0.20,191.36#CT   -0.45  20.441   0.002   0.010   105.56     9.50   9.865 060
100524 073905.000,4604.8604,N,01313.0355,E,0.04,191.36#CT   -0.45  20.447   0.002   0.010   105.56     9.50   9.865 058
100524 073905.000,4604.8604,N,01313.0355,E,0.04,191.36#CT   -0.45  20.452   0.002   0.010   105.56     9.50   9.864 063
100524 073906.000,4604.8601,N,01313.0354,E,0.10,191.36#CT   -0.45  20.456   0.002   0.010   105.56     9.50   9.865 058
100524 073907.000,4604.8601,N,01313.0353,E,0.54,191.36#CT   -0.45  20.459   0.002   0.010   105.52     9.50   9.865 049
100524 073907.000,4604.8601,N,01313.0353,E,0.54,191.36#CT   -0.45  20.461   0.002   0.010   105.52     9.50   9.866 057
100524 073908.000,4604.8600,N,01313.0351,E,0.58,166.30#CT   -0.45  20.461   0.002   0.010   105.52     9.50   9.867 056
100524 073908.000,4604.8600,N,01313.0351,E,0.58,166.30#CT   -0.45  20.458   0.002   0.010   105.52     9.50   9.867 050
100524 073909.000,4604.8600,N,01313.0351,E,0.19,166.30#CT   -0.45  20.453   0.002   0.010   105.52     9.50   9.869 055
100524 073909.000,4604.8600,N,01313.0351,E,0.19,166.30#CT   -0.45  20.447   0.002   0.010   105.38     9.48   9.867 057
100524 073910.000,4604.8601,N,01313.0350,E,0.18,166.30#CT   -0.45  20.443   0.002   0.010   105.38     9.48   9.865 063
100524 073910.000,4604.8601,N,01313.0350,E,0.18,166.30#CT   -0.45  20.439   0.002   0.010   105.38     9.48   9.868 063
100524 073911.000,4604.8600,N,01313.0351,E,0.46,166.30#CT   -0.45  20.437   0.002   0.010   105.38     9.48   9.870 056
100524 073911.000,4604.8600,N,01313.0351,E,0.46,166.30#CT   -0.45  20.434   0.002   0.010   105.38     9.48   9.870 059
100524 073912.000,4604.8604,N,01313.0352,E,0.96,12.95#CT   -0.45  20.430   0.002   0.010   105.39     9.48   9.870 062
100524 073912.000,4604.8604,N,01313.0352,E,0.96,12.95#CT   -0.45  20.426   0.002   0.010   105.39     9.48   9.870 057
100524 073913.000,4604.8607,N,01313.0353,E,0.66,358.39#CT   -0.45  20.423   0.002   0.010   105.39     9.48   9.870 060
100524 073913.000,4604.8607,N,01313.0353,E,0.66,358.39#CT   -0.45  20.423   0.002   0.010   105.39     9.48   9.871 061
100524 073914.000,4604.8606,N,01313.0353,E,0.37,358.39#CT   -0.45  20.423   0.002   0.010   105.39     9.48   9.872 062
100524 073914.000,4604.8606,N,01313.0353,E,0.37,358.39#CT   -0.45  20.426   0.002   0.010   105.52     9.50   9.872 063
100524 073915.000,4604.8607,N,01313.0352,E,0.30,358.39#CT   -0.45  20.429   0.002   0.010   105.52     9.50   9.872 048
100524 073915.000,4604.8607,N,01313.0352,E,0.30,358.39#CT   -0.45  20.431   0.002   0.010   105.52     9.50   9.868 050
100524 073916.000,4604.8606,N,01313.0352,E,0.53,358.39#CT   -0.45  20.431   0.002   0.010   105.52     9.50   9.869 051
100524 073916.000,4604.8606,N,01313.0352,E,0.53,358.39#CT   -0.45  20.430   0.002   0.010   105.52     9.50   9.865 062
100524 073917.000,4604.8605,N,01313.0352,E,0.46,358.39#CT   -0.45  20.423   0.002   0.010   105.40     9.49   9.869 059
100524 073917.000,4604.8605,N,01313.0352,E,0.46,358.39#CT   -0.45  20.417   0.002   0.010   105.40     9.49   9.871 053
100524 073918.000,4604.8605,N,01313.0353,E,0.21,358.39#CT   -0.45  20.414   0.002   0.010   105.40     9.49   9.872 053
100524 073918.000,4604.8605,N,01313.0353,E,0.21,358.39#CT   -0.45  20.414   0.002   0.010   105.40     9.49   9.872 053
100524 073919.000,4604.8604,N,01313.0353,E,0.20,358.39#CT   -0.45  20.417   0.002   0.010   105.40     9.49   9.873 055
100524 073919.000,4604.8604,N,01313.0353,E,0.20,358.39#CT   -0.45  20.418   0.002   0.010   105.46     9.49   9.875 056
100524 073920.000,4604.8604,N,01313.0352,E,0.17,358.39#CT   -0.45  20.418   0.002   0.010   105.46     9.49   9.874 057
100524 073920.000,4604.8604,N,01313.0352,E,0.17,358.39#CT   -0.45  20.416   0.002   0.010   105.46     9.49   9.874 055
100524 073921.000,4604.8604,N,01313.0352,E,0.13,358.39#CT   -0.45  20.413   0.002   0.010   105.46     9.49   9.876 048
100524 073921.000,4604.8604,N,01313.0352,E,0.13,358.39#CT   -0.45  20.412   0.002   0.010   105.46     9.49   9.876 049
100524 073922.000,4604.8604,N,01313.0352,E,0.10,358.39#CT   -0.45  20.408   0.002   0.010   105.43     9.49   9.876 063
100524 073922.000,4604.8604,N,01313.0352,E,0.10,358.39#CT   -0.45  20.399   0.002   0.010   105.43     9.49   9.878 062
100524 073923.000,4604.8605,N,01313.0352,E,0.12,358.39#CT   -0.45  20.393   0.002   0.010   105.43     9.49   9.879 053
100524 073923.000,4604.8605,N,01313.0352,E,0.12,358.39#CT   -0.45  20.387   0.002   0.010   105.43     9.49   9.879 048
100524 073924.000,4604.8604,N,01313.0352,E,0.13,358.39#CT   -0.45  20.379   0.002   0.010   105.43     9.49   9.881 054
100524 073924.000,4604.8604,N,01313.0352,E,0.13,358.39#CT   -0.45  20.368   0.002   0.010   105.51     9.50   9.881 061
100524 073925.000,4604.8605,N,01313.0352,E,0.11,358.39#CT   -0.45  20.352   0.002   0.010   105.51     9.50   9.880 053
100524 073925.000,4604.8605,N,01313.0352,E,0.11,358.39#CT   -0.45  20.335   0.002   0.010   105.51     9.50   9.881 053
100524 073926.000,4604.8605,N,01313.0352,E,0.11,358.39#CT   -0.45  20.321   0.002   0.010   105.51     9.50   9.881 048
100524 073926.000,4604.8605,N,01313.0352,E,0.11,358.39#CT   -0.45  20.313   0.002   0.010   105.51     9.50   9.883 051
100524 073927.000,4604.8605,N,01313.0351,E,0.12,358.39#CT   -0.45  20.307   0.002   0.010   105.53     9.51   9.883 053
100524 073927.000,4604.8605,N,01313.0351,E,0.12,358.39#CT   -0.45  20.302   0.002   0.010   105.53     9.51   9.883 048
100524 073928.000,4604.8605,N,01313.0351,E,0.05,358.39#CT   -0.45  20.299   0.002   0.010   105.53     9.51   9.884 052
100524 073928.000,4604.8605,N,01313.0351,E,0.05,358.39#CT   -0.45  20.297   0.002   0.010   105.53     9.51   9.885 059
100524 073929.000,4604.8605,N,01313.0352,E,0.10,358.39#CT   -0.45  20.294   0.002   0.010   105.53     9.51   9.885 056
100524 073929.000,4604.8605,N,01313.0352,E,0.10,358.39#CT   -0.45  20.294   0.002   0.010   105.63     9.53   9.885 057
100524 073930.000,4604.8605,N,01313.0352,E,0.01,358.39#CT   -0.45  20.293   0.002   0.010   105.63     9.53   9.886 061
100524 073930.000,4604.8605,N,01313.0352,E,0.01,358.39#CT   -0.45  20.293   0.002   0.010   105.63     9.53   9.887 060
100524 073931.000,4604.8605,N,01313.0352,E,0.08,358.39#CT   -0.45  20.290   0.002   0.010   105.63     9.53   9.888 048
100524 073931.000,4604.8605,N,01313.0352,E,0.08,358.39#CT   -0.45  20.286   0.002   0.010   105.63     9.53   9.888 055
100524 073932.000,4604.8605,N,01313.0352,E,0.05,358.39#CT   -0.45  20.283   0.002   0.010   105.53     9.52   9.889 049
100524 073932.000,4604.8605,N,01313.0352,E,0.05,358.39#CT   -0.45  20.283   0.002   0.010   105.53     9.52   9.890 057
100524 073933.000,4604.8605,N,01313.0352,E,0.13,358.39#CT   -0.45  20.284   0.002   0.010   105.53     9.52   9.891 063
100524 073933.000,4604.8605,N,01313.0352,E,0.13,358.39#CT   -0.45  20.286   0.002   0.010   105.53     9.52   9.890 060
100524 073934.000,4604.8605,N,01313.0352,E,0.10,358.39#CT   -0.45  20.288   0.002   0.010   105.53     9.52   9.890 050
100524 073935.000,4604.8604,N,01313.0352,E,0.10,358.39#CT   -0.45  20.292   0.002   0.010   105.55     9.53   9.891 063
100524 073935.000,4604.8604,N,01313.0352,E,0.10,358.39#CT   -0.45  20.295   0.002   0.010   105.55     9.53   9.891 056
100524 073935.000,4604.8604,N,01313.0352,E,0.10,358.39#CT   -0.45  20.298   0.002   0.010   105.55     9.53   9.891 053
100524 073936.000,4604.8604,N,01313.0353,E,0.20,358.39#CT   -0.45  20.300   0.002   0.010   105.55     9.53   9.892 054
100524 073936.000,4604.8604,N,01313.0353,E,0.20,358.39#CT   -0.45  20.305   0.002   0.010   105.55     9.53   9.892 051
100524 073937.000,4604.8604,N,01313.0354,E,0.16,358.39#CT   -0.45  20.308   0.002   0.010   105.62     9.53   9.892 058
100524 073938.000,4604.8604,N,01313.0354,E,0.12,358.39#CT   -0.45  20.312   0.002   0.010   105.62     9.53   9.892 049
100524 073938.000,4604.8604,N,01313.0354,E,0.12,358.39#CT   -0.45  20.318   0.002   0.010   105.62     9.53   9.893 058
100524 073939.000,4604.8604,N,01313.0355,E,0.17,358.39#CT   -0.45  20.324   0.002   0.010   105.62     9.53   9.894 050
100524 073939.000,4604.8604,N,01313.0355,E,0.17,358.39#CT   -0.45  20.330   0.002   0.010   105.62     9.53   9.895 054
