100524 073609.000,4604.8616,N,01313.0358,E,0.02,57.49#CT   -0.45  20.281   0.002   0.010   106.04     7.83   9.687 048
100524 073609.000,4604.8616,N,01313.0358,E,0.02,57.49#CT   -0.45  20.316   0.002   0.010   106.04     7.83   9.686 062
100524 073609.000,4604.8616,N,01313.0358,E,0.02,57.49#CT   -0.45  20.353   0.002   0.010   106.04     7.83   9.687 062
100524 073610.000,4604.8616,N,01313.0358,E,0.02,57.49#CT   -0.45  20.369   0.002   0.010   106.04     7.83   9.688 056
100524 073610.000,4604.8616,N,01313.0358,E,0.02,57.49#CT   -0.45  20.377   0.002   0.010   106.04     7.83   9.689 054
100524 073611.000,4604.8616,N,01313.0358,E,0.01,57.49#CT   -0.45  20.382   0.002   0.010   105.70     9.54   9.688 057
100524 073611.000,4604.8616,N,01313.0358,E,0.01,57.49#CT   -0.45  20.384   0.002   0.010   105.70     9.54   9.688 063
100524 073612.000,4604.8616,N,01313.0358,E,0.02,57.49#CT   -0.45  20.386   0.002   0.010   105.70     9.54   9.688 061
100524 073612.000,4604.8616,N,01313.0358,E,0.02,57.49#CT   -0.45  20.392   0.002   0.010   105.70     9.54   9.689 057
100524 073613.000,4604.8616,N,01313.0358,E,0.00,57.49#CT   -0.45  20.396   0.002   0.010   105.70     9.54   9.688 060
100524 073614.000,4604.8616,N,01313.0358,E,0.01,57.49#CT   -0.45  20.401   0.002   0.010   105.51     9.51   9.688 051
100524 073614.000,4604.8616,N,01313.0358,E,0.01,57.49#CT   -0.45  20.406   0.002   0.010   105.51     9.51   9.688 052
100524 073614.000,4604.8616,N,01313.0358,E,0.01,57.49#CT   -0.45  20.411   0.002   0.010   105.51     9.51   9.688 050
100524 073615.000,4604.8616,N,01313.0358,E,0.02,57.49#CT   -0.45  20.418   0.002   0.010   105.51     9.51   9.689 058
100524 073616.000,4604.8616,N,01313.0358,E,0.01,57.49#CT   -0.45  20.427   0.002   0.010   105.51     9.51   9.689 054
100524 073616.000,4604.8616,N,01313.0358,E,0.01,57.49#CT   -0.45  20.435   0.002   0.010   105.67     9.52   9.689 051
100524 073617.000,4604.8616,N,01313.0358,E,0.01,57.49#CT   -0.45  20.446   0.002   0.010   105.67     9.52   9.688 054
100524 073617.000,4604.8616,N,01313.0358,E,0.01,57.49#CT   -0.45  20.454   0.002   0.010   105.67     9.52   9.688 053
100524 073618.000,4604.8616,N,01313.0358,E,0.02,57.49#CT   -0.45  20.463   0.002   0.010   105.67     9.52   9.689 048
100524 073618.000,4604.8616,N,01313.0358,E,0.02,57.49#CT   -0.45  20.471   0.002   0.010   105.67     9.52   9.690 059
100524 073619.000,4604.8616,N,01313.0358,E,0.01,57.49#CT   -0.45  20.476   0.002   0.010   105.73     9.52   9.690 057
100524 073619.000,4604.8616,N,01313.0358,E,0.01,57.49#CT   -0.45  20.481   0.002   0.010   105.73     9.52   9.691 048
100524 073620.000,4604.8616,N,01313.0358,E,0.01,57.49#CT   -0.45  20.485   0.002   0.010   105.73     9.52   9.691 052
100524 073620.000,4604.8616,N,01313.0358,E,0.01,57.49#CT   -0.45  20.486   0.002   0.010   105.73     9.52   9.690 054
100524 073621.000,4604.8616,N,01313.0358,E,0.01,57.49#CT   -0.45  20.486   0.002   0.010   105.73     9.52   9.693 053
100524 073621.000,4604.8616,N,01313.0358,E,0.01,57.49#CT   -0.45  20.485   0.002   0.010   105.64     9.50   9.690 049
100524 073622.000,4604.8616,N,01313.0358,E,0.02,57.49#CT   -0.45  20.486   0.002   0.010   105.64     9.50   9.690 050
100524 073622.000,4604.8616,N,01313.0358,E,0.02,57.49#CT   -0.45  20.487   0.002   0.010   105.64     9.50   9.706 061
100524 073623.000,4604.8616,N,01313.0358,E,0.03,57.49#CT   -0.45  20.494   0.002   0.010   105.64     9.50   9.737 061
100524 073623.000,4604.8616,N,01313.0358,E,0.03,57.49#CT   -0.45  20.508   0.002   0.010   105.64     9.50   9.732 060
100524 073624.000,4604.8616,N,01313.0358,E,0.00,57.49#CT   -0.45  20.524   0.002   0.010   105.54     9.49   9.764 058
100524 073624.000,4604.8616,N,01313.0358,E,0.00,57.49#CT   -0.45  20.542   0.002   0.010   105.54     9.49   9.869 056
100524 073625.000,4604.8616,N,01313.0358,E,0.02,57.49#CT   -0.45  20.553   0.002   0.010   105.54     9.49   9.952 049
100524 073625.000,4604.8616,N,01313.0358,E,0.02,57.49#CT   -0.45  20.563   0.002   0.010   105.54     9.49  10.008 044
100524 073626.000,4604.8616,N,01313.0357,E,0.01,57.49#CT   -0.45  20.572   0.002   0.010   105.54     9.49  10.034 035
100524 073626.000,4604.8616,N,01313.0357,E,0.01,57.49#CT   -0.45  20.578   0.002   0.010   105.46     9.48  10.034 043
100524 073627.000,4604.8616,N,01313.0357,E,0.83,244.50#CT   -0.45  20.575   0.002   0.010   105.46     9.48   9.992 059
100524 073627.000,4604.8616,N,01313.0357,E,0.83,244.50#CT   -0.45  20.567   0.002   0.010   105.46     9.48   9.952 052
100524 073628.000,4604.8616,N,01313.0355,E,0.44,244.50#CT   -0.45  20.562   0.002   0.010   105.46     9.48   9.943 049
100524 073628.000,4604.8616,N,01313.0355,E,0.44,244.50#CT   -0.45  20.550   0.002   0.010   105.46     9.48   9.919 063
100524 073629.000,4604.8615,N,01313.0354,E,0.37,244.50#CT   -0.45  20.538   0.002   0.010   105.33     9.45   9.899 055
100524 073629.000,4604.8615,N,01313.0354,E,0.37,244.50#CT   -0.45  20.530   0.002   0.010   105.33     9.45   9.894 050
100524 073630.000,4604.8615,N,01313.0355,E,0.31,244.50#CT   -0.45  20.518   0.002   0.010   105.33     9.45   9.895 057
100524 073630.000,4604.8615,N,01313.0355,E,0.31,244.50#CT   -0.45  20.508   0.002   0.010   105.33     9.45   9.889 053
100524 073631.000,4604.8616,N,01313.0355,E,0.09,244.50#CT   -0.45  20.498   0.002   0.010   105.33     9.45   9.869 051
100524 073631.000,4604.8616,N,01313.0355,E,0.09,244.50#CT   -0.45  20.490   0.002   0.010   105.52     9.47   9.850 052
100524 073632.000,4604.8617,N,01313.0354,E,0.12,244.50#CT   -0.45  20.480   0.002   0.010   105.52     9.47   9.834 055
100524 073632.000,4604.8617,N,01313.0354,E,0.12,244.50#CT   -0.45  20.475   0.002   0.010   105.52     9.47   9.806 060
100524 073633.000,4604.8617,N,01313.0354,E,0.18,244.50#CT   -0.45  20.475   0.002   0.010   105.52     9.47   9.794 056
100524 073633.000,4604.8617,N,01313.0354,E,0.18,244.50#CT   -0.45  20.477   0.002   0.010   105.52     9.47   9.781 062
100524 073634.000,4604.8617,N,01313.0354,E,0.07,244.50#CT   -0.45  20.475   0.002   0.010   105.60     9.49   9.773 062
100524 073634.000,4604.8617,N,01313.0354,E,0.07,244.50#CT   -0.45  20.466   0.002   0.010   105.60     9.49   9.762 060
100524 073635.000,4604.8617,N,01313.0354,E,0.05,244.50#CT   -0.45  20.457   0.002   0.010   105.60     9.49   9.748 054
100524 073635.000,4604.8617,N,01313.0354,E,0.05,244.50#CT   -0.45  20.450   0.002   0.010   105.60     9.49   9.735 059
100524 073636.000,4604.8617,N,01313.0354,E,0.04,244.50#CT   -0.45  20.451   0.002   0.010   105.60     9.49   9.708 052
100524 073636.000,4604.8617,N,01313.0354,E,0.04,244.50#CT   -0.45  20.458   0.002   0.010   105.54     9.49   9.701 051
100524 073637.000,4604.8617,N,01313.0354,E,0.21,244.50#CT   -0.45  20.473   0.002   0.010   105.54     9.49   9.724 061
100524 073637.000,4604.8617,N,01313.0354,E,0.21,244.50#CT   -0.45  20.495   0.002   0.010   105.54     9.49   9.749 062
100524 073638.000,4604.8617,N,01313.0354,E,0.05,244.50#CT   -0.45  20.521   0.002   0.010   105.54     9.49   9.752 058
100524 073638.000,4604.8617,N,01313.0354,E,0.05,244.50#CT   -0.45  20.539   0.002   0.010   105.54     9.49   9.748 056
100524 073639.000,4604.8617,N,01313.0355,E,0.49,244.50#CT   -0.45  20.548   0.002   0.010   105.65     9.50   9.744 056
100524 073639.000,4604.8617,N,01313.0355,E,0.49,244.50#CT   -0.45  20.553   0.002   0.010   105.65     9.50   9.743 053
100524 073640.000,4604.8617,N,01313.0354,E,0.31,244.50#CT   -0.45  20.557   0.002   0.010   105.65     9.50   9.742 048
100524 073640.000,4604.8617,N,01313.0354,E,0.31,244.50#CT   -0.45  20.565   0.002   0.010   105.65     9.50   9.740 051
100524 073641.000,4604.8617,N,01313.0354,E,0.15,244.50#CT   -0.45  20.578   0.002   0.010   105.65     9.50   9.738 048
100524 073642.000,4604.8617,N,01313.0354,E,0.12,244.50#CT   -0.45  20.586   0.002   0.010   105.55     9.48   9.737 052
100524 073642.000,4604.8617,N,01313.0354,E,0.12,244.50#CT   -0.45  20.592   0.002   0.010   105.55     9.48   9.735 051
100524 073642.000,4604.8617,N,01313.0354,E,0.12,244.50#CT   -0.45  20.598   0.002   0.010   105.55     9.48   9.737 059
100524 073643.000,4604.8618,N,01313.0353,E,0.20,244.50#CT   -0.45  20.602   0.002   0.010   105.55     9.48   9.724 057
100524 073643.000,4604.8618,N,01313.0353,E,0.20,244.50#CT   -0.45  20.600   0.002   0.010   105.55     9.48   9.702 063
100524 073644.000,4604.8617,N,01313.0353,E,0.54,244.50#CT   -0.45  20.591   0.002   0.010   105.62     9.48   9.699 051
100524 073645.000,4604.8617,N,01313.0351,E,0.22,244.50#CT   -0.45  20.580   0.002   0.010   105.62     9.48   9.704 054
100524 073645.000,4604.8617,N,01313.0351,E,0.22,244.50#CT   -0.45  20.564   0.002   0.010   105.62     9.48   9.729 051
100524 073646.000,4604.8617,N,01313.0350,E,0.24,244.50#CT   -0.45  20.543   0.002   0.010   105.62     9.48   9.725 058
100524 073646.000,4604.8617,N,01313.0350,E,0.24,244.50#CT   -0.45  20.518   0.002   0.010   105.62     9.48   9.724 053
100524 073647.000,4604.8617,N,01313.0350,E,0.24,244.50#CT   -0.45  20.497   0.002   0.010   105.41     9.45   9.735 063
100524 073647.000,4604.8617,N,01313.0350,E,0.24,244.50#CT   -0.45  20.476   0.002   0.010   105.41     9.45   9.751 050
100524 073648.000,4604.8617,N,01313.0349,E,0.24,244.50#CT   -0.45  20.455   0.002   0.010   105.41     9.45   9.745 054
100524 073648.000,4604.8617,N,01313.0349,E,0.24,244.50#CT   -0.45  20.438   0.002   0.010   105.41     9.45   9.727 057
100524 073649.000,4604.8617,N,01313.0349,E,0.15,244.50#CT   -0.45  20.425   0.002   0.010   105.41     9.45   9.721 051
100524 073649.000,4604.8617,N,01313.0349,E,0.15,244.50#CT   -0.45  20.417   0.002   0.010   105.53     9.48   9.719 055
100524 073650.000,4604.8616,N,01313.0349,E,0.59,74.64#CT   -0.45  20.409   0.002   0.010   105.53     9.48   9.715 052
100524 073650.000,4604.8616,N,01313.0349,E,0.59,74.64#CT   -0.45  20.397   0.002   0.010   105.53     9.48   9.711 048
100524 073651.000,4604.8617,N,01313.0349,E,0.32,74.64#CT   -0.45  20.383   0.002   0.010   105.53     9.48   9.711 053
100524 073651.000,4604.8617,N,01313.0349,E,0.32,74.64#CT   -0.45  20.374   0.002   0.010   105.53     9.48   9.711 061
100524 073652.000,4604.8617,N,01313.0348,E,0.32,74.64#CT   -0.45  20.365   0.002   0.010   105.49     9.49   9.712 052
100524 073652.000,4604.8617,N,01313.0348,E,0.32,74.64#CT   -0.45  20.353   0.002   0.010   105.49     9.49   9.712 049
100524 073653.000,4604.8617,N,01313.0346,E,0.42,74.64#CT   -0.45  20.341   0.002   0.010   105.49     9.49   9.711 049
100524 073653.000,4604.8617,N,01313.0346,E,0.42,74.64#CT   -0.45  20.328   0.002   0.010   105.49     9.49   9.712 061
100524 073654.000,4604.8617,N,01313.0344,E,0.44,74.64#CT   -0.45  20.315   0.002   0.010   105.49     9.49   9.712 051
100524 073654.000,4604.8617,N,01313.0344,E,0.44,74.64#CT   -0.45  20.305   0.002   0.010   105.64     9.52   9.713 054
100524 073655.000,4604.8617,N,01313.0343,E,0.36,74.64#CT   -0.45  20.297   0.002   0.010   105.64     9.52   9.714 059
100524 073655.000,4604.8617,N,01313.0343,E,0.36,74.64#CT   -0.45  20.288   0.002   0.010   105.64     9.52   9.726 052
100524 073656.000,4604.8617,N,01313.0342,E,0.50,74.64#CT   -0.45  20.281   0.002   0.010   105.64     9.52   9.721 058
100524 073656.000,4604.8617,N,01313.0342,E,0.50,74.64#CT   -0.45  20.280   0.002   0.010   105.64     9.52   9.711 056
100524 073657.000,4604.8617,N,01313.0342,E,0.25,74.64#CT   -0.45  20.281   0.002   0.010   105.78     9.54   9.711 050
100524 073657.000,4604.8617,N,01313.0342,E,0.25,74.64#CT   -0.45  20.279   0.002   0.010   105.78     9.54   9.688 052
100524 073658.000,4604.8616,N,01313.0342,E,0.15,74.64#CT   -0.45  20.270   0.002   0.010   105.78     9.54   9.680 053
100524 073658.000,4604.8616,N,01313.0342,E,0.15,74.64#CT   -0.45  20.261   0.002   0.010   105.78     9.54   9.687 050
100524 073659.000,4604.8616,N,01313.0342,E,0.06,74.64#CT   -0.45  20.251   0.002   0.010   105.78     9.54   9.683 053
100524 073659.000,4604.8616,N,01313.0342,E,0.06,74.64#CT   -0.45  20.243   0.002   0.010   105.76     9.55   9.669 061
100524 073700.000,4604.8616,N,01313.0342,E,0.24,74.64#CT   -0.45  20.239   0.002   0.010   105.76     9.55   9.664 061
100524 073700.000,4604.8616,N,01313.0342,E,0.24,74.64#CT   -0.45  20.232   0.002   0.010   105.76     9.55   9.667 053
100524 073701.000,4604.8616,N,01313.0342,E,0.17,74.64#CT   -0.45  20.229   0.002   0.010   105.76     9.55   9.676 063
100524 073701.000,4604.8616,N,01313.0342,E,0.17,74.64#CT   -0.45  20.222   0.002   0.010   105.76     9.55   9.686 059
100524 073702.000,4604.8616,N,01313.0342,E,0.12,74.64#CT   -0.45  20.212   0.002   0.010   105.73     9.55   9.691 059
100524 073702.000,4604.8616,N,01313.0342,E,0.12,74.64#CT   -0.45  20.204   0.002   0.010   105.73     9.55   9.695 056
100524 073703.000,4604.8615,N,01313.0342,E,0.12,74.64#CT   -0.45  20.199   0.002   0.010   105.73     9.55   9.689 050
100524 073703.000,4604.8615,N,01313.0342,E,0.12,74.64#CT   -0.45  20.197   0.002   0.010   105.73     9.55   9.689 060
100524 073704.000,4604.8615,N,01313.0341,E,0.11,74.64#CT   -0.45  20.191   0.002   0.010   105.73     9.55   9.671 061
100524 073704.000,4604.8615,N,01313.0341,E,0.11,74.64#CT   -0.45  20.181   0.002   0.010   105.70     9.55   9.675 059
100524 073705.000,4604.8615,N,01313.0342,E,0.10,74.64#CT   -0.45  20.173   0.002   0.010   105.70     9.55   9.692 063
100524 073705.000,4604.8615,N,01313.0342,E,0.10,74.64#CT   -0.45  20.169   0.002   0.010   105.70     9.55   9.706 056
100524 073706.000,4604.8615,N,01313.0342,E,0.17,74.64#CT   -0.45  20.166   0.002   0.010   105.70     9.55   9.716 054
100524 073706.000,4604.8615,N,01313.0342,E,0.17,74.64#CT   -0.45  20.162   0.002   0.010   105.70     9.55   9.721 054
100524 073707.000,4604.8615,N,01313.0341,E,0.24,74.64#CT   -0.45  20.156   0.002   0.010   105.87     9.57   9.723 057
100524 073707.000,4604.8615,N,01313.0341,E,0.24,74.64#CT   -0.45  20.151   0.002   0.010   105.87     9.57   9.725 056
100524 073708.000,4604.8615,N,01313.0339,E,0.31,74.64#CT   -0.45  20.147   0.002   0.010   105.87     9.57   9.726 060
100524 073708.000,4604.8615,N,01313.0339,E,0.31,74.64#CT   -0.45  20.145   0.002   0.010   105.87     9.57   9.728 048
100524 073709.000,4604.8614,N,01313.0338,E,0.37,74.64#CT   -0.45  20.143   0.002   0.010   105.87     9.57   9.729 055
100524 073710.000,4604.8614,N,01313.0337,E,0.45,74.64#CT   -0.45  20.144   0.002   0.010   105.71     9.56   9.731 049
100524 073710.000,4604.8614,N,01313.0337,E,0.45,74.64#CT   -0.45  20.143   0.002   0.010   105.71     9.56   9.733 052
100524 073710.000,4604.8614,N,01313.0337,E,0.45,74.64#CT   -0.45  20.141   0.002   0.010   105.71     9.56   9.735 048
100524 073711.000,4604.8614,N,01313.0336,E,0.38,74.64#CT   -0.45  20.137   0.002   0.010   105.71     9.56   9.737 051
100524 073711.000,4604.8614,N,01313.0336,E,0.38,74.64#CT   -0.45  20.132   0.002   0.010   105.71     9.56   9.737 054
100524 073712.000,4604.8613,N,01313.0335,E,0.39,74.64#CT   -0.45  20.129   0.002   0.010   105.86     9.58   9.738 053
100524 073712.000,4604.8613,N,01313.0335,E,0.39,74.64#CT   -0.45  20.126   0.002   0.010   105.86     9.58   9.740 053
100524 073713.000,4604.8613,N,01313.0334,E,0.32,74.64#CT   -0.45  20.122   0.002   0.010   105.86     9.58   9.742 051
100524 073713.000,4604.8613,N,01313.0334,E,0.32,74.64#CT   -0.45  20.124   0.002   0.010   105.86     9.58   9.743 052
100524 073714.000,4604.8612,N,01313.0333,E,0.31,74.64#CT   -0.45  20.125   0.002   0.010   105.86     9.58   9.743 053
100524 073715.000,4604.8613,N,01313.0333,E,0.21,74.64#CT   -0.45  20.125   0.002   0.010   105.84     9.58   9.745 049
100524 073715.000,4604.8613,N,01313.0333,E,0.21,74.64#CT   -0.45  20.129   0.002   0.010   105.84     9.58   9.746 062
100524 073716.000,4604.8613,N,01313.0334,E,0.20,74.64#CT   -0.45  20.135   0.002   0.010   105.84     9.58   9.746 051
100524 073716.000,4604.8613,N,01313.0334,E,0.20,74.64#CT   -0.45  20.139   0.002   0.010   105.84     9.58   9.747 062
100524 073717.000,4604.8612,N,01313.0334,E,0.09,74.64#CT   -0.45  20.142   0.002   0.010   105.84     9.58   9.748 061
100524 073717.000,4604.8612,N,01313.0334,E,0.09,74.64#CT   -0.45  20.143   0.002   0.010   105.92     9.59   9.749 059
100524 073718.000,4604.8613,N,01313.0335,E,0.12,74.64#CT   -0.45  20.139   0.002   0.010   105.92     9.59   9.753 061
100524 073718.000,4604.8613,N,01313.0335,E,0.12,74.64#CT   -0.45  20.135   0.002   0.010   105.92     9.59   9.756 052
100524 073719.000,4604.8613,N,01313.0336,E,0.09,74.64#CT   -0.45  20.135   0.002   0.010   105.92     9.59   9.759 059
100524 073719.000,4604.8613,N,01313.0336,E,0.09,74.64#CT   -0.45  20.135   0.002   0.010   105.92     9.59   9.759 059
100524 073720.000,4604.8613,N,01313.0336,E,0.21,74.64#CT   -0.45  20.132   0.002   0.010   105.87     9.58   9.758 056
100524 073720.000,4604.8613,N,01313.0336,E,0.21,74.64#CT   -0.45  20.127   0.002   0.010   105.87     9.58   9.758 060
100524 073721.000,4604.8614,N,01313.0336,E,0.27,74.64#CT   -0.45  20.120   0.002   0.010   105.87     9.58   9.758 059
100524 073721.000,4604.8614,N,01313.0336,E,0.27,74.64#CT   -0.45  20.118   0.002   0.010   105.87     9.58   9.758 048
100524 073722.000,4604.8614,N,01313.0335,E,0.28,74.64#CT   -0.45  20.120   0.002   0.010   105.87     9.58   9.758 059
100524 073722.000,4604.8614,N,01313.0335,E,0.28,74.64#CT   -0.45  20.126   0.002   0.010   105.68     9.57   9.758 051
100524 073723.000,4604.8614,N,01313.0334,E,0.31,74.64#CT   -0.45  20.138   0.002   0.010   105.68     9.57   9.759 061
100524 073723.000,4604.8614,N,01313.0334,E,0.31,74.64#CT   -0.45  20.148   0.002   0.010   105.68     9.57   9.759 058
100524 073724.000,4604.8613,N,01313.0335,E,0.35,74.64#CT   -0.45  20.159   0.002   0.010   105.68     9.57   9.760 048
100524 073724.000,4604.8613,N,01313.0335,E,0.35,74.64#CT   -0.45  20.162   0.002   0.010   105.68     9.57   9.762 058
100524 073725.000,4604.8613,N,01313.0336,E,0.34,74.64#CT   -0.45  20.155   0.002   0.010   105.76     9.58   9.762 062
100524 073725.000,4604.8613,N,01313.0336,E,0.34,74.64#CT   -0.45  20.147   0.002   0.010   105.76     9.58   9.762 061
100524 073726.000,4604.8613,N,01313.0336,E,0.33,74.64#CT   -0.45  20.143   0.002   0.010   105.76     9.58   9.763 056
100524 073726.000,4604.8613,N,01313.0336,E,0.33,74.64#CT   -0.45  20.138   0.002   0.010   105.76     9.58   9.764 051
100524 073727.000,4604.8613,N,01313.0336,E,0.11,74.64#CT   -0.45  20.134   0.002   0.010   105.76     9.58   9.765 062
100524 073727.000,4604.8613,N,01313.0336,E,0.11,74.64#CT   -0.45  20.129   0.002   0.010   105.79     9.57   9.766 049
100524 073728.000,4604.8613,N,01313.0336,E,0.30,74.64#CT   -0.45  20.127   0.002   0.010   105.79     9.57   9.767 062
100524 073728.000,4604.8613,N,01313.0336,E,0.30,74.64#CT   -0.45  20.130   0.002   0.010   105.79     9.57   9.767 056
100524 073729.000,4604.8613,N,01313.0336,E,0.28,74.64#CT   -0.45  20.135   0.002   0.010   105.79     9.57   9.767 061
100524 073729.000,4604.8613,N,01313.0336,E,0.28,74.64#CT   -0.45  20.137   0.002   0.010   105.79     9.57   9.767 063
100524 073730.000,4604.8613,N,01313.0336,E,0.19,74.64#CT   -0.45  20.137   0.002   0.010   105.83     9.58   9.768 058
100524 073730.000,4604.8613,N,01313.0336,E,0.19,74.64#CT   -0.45  20.133   0.002   0.010   105.83     9.58   9.769 063
100524 073731.000,4604.8614,N,01313.0337,E,0.22,74.64#CT   -0.45  20.129   0.002   0.010   105.83     9.58   9.770 060
100524 073731.000,4604.8614,N,01313.0337,E,0.22,74.64#CT   -0.45  20.126   0.002   0.010   105.83     9.58   9.769 059
100524 073732.000,4604.8615,N,01313.0338,E,0.49,74.64#CT   -0.45  20.123   0.002   0.010   105.83     9.58   9.770 054
100524 073732.000,4604.8615,N,01313.0338,E,0.49,74.64#CT   -0.45  20.119   0.002   0.010   105.81     9.58   9.771 060
100524 073733.000,4604.8615,N,01313.0338,E,0.17,74.64#CT   -0.45  20.113   0.002   0.010   105.81     9.58   9.773 052
100524 073733.000,4604.8615,N,01313.0338,E,0.17,74.64#CT   -0.45  20.107   0.002   0.010   105.81     9.58   9.774 054
100524 073734.000,4604.8616,N,01313.0339,E,0.07,74.64#CT   -0.45  20.102   0.002   0.010   105.81     9.58   9.775 050
100524 073734.000,4604.8616,N,01313.0339,E,0.07,74.64#CT   -0.45  20.099   0.002   0.010   105.81     9.58   9.775 049
100524 073735.000,4604.8617,N,01313.0338,E,0.11,74.64#CT   -0.45  20.096   0.002   0.010   105.79     9.58   9.776 058
100524 073735.000,4604.8617,N,01313.0338,E,0.11,74.64#CT   -0.45  20.091   0.002   0.010   105.79     9.58   9.777 060
100524 073736.000,4604.8616,N,01313.0338,E,0.31,74.64#CT   -0.45  20.088   0.002   0.010   105.79     9.58   9.777 052
100524 073736.000,4604.8616,N,01313.0338,E,0.31,74.64#CT   -0.45  20.085   0.002   0.010   105.79     9.58   9.778 054
100524 073737.000,4604.8617,N,01313.0338,E,0.21,74.64#CT   -0.45  20.078   0.002   0.010   105.79     9.58   9.777 059
100524 073737.000,4604.8617,N,01313.0338,E,0.21,74.64#CT   -0.45  20.072   0.002   0.010   105.92     9.60   9.778 048
100524 073738.000,4604.8617,N,01313.0337,E,0.28,74.64#CT   -0.45  20.069   0.002   0.010   105.92     9.60   9.778 058
100524 073738.000,4604.8617,N,01313.0337,E,0.28,74.64#CT   -0.45  20.067   0.002   0.010   105.92     9.60   9.779 053
100524 073739.000,4604.8617,N,01313.0338,E,0.18,74.64#CT   -0.45  20.067   0.002   0.010   105.92     9.60   9.780 051
100524 073739.000,4604.8617,N,01313.0338,E,0.18,74.64#CT   -0.45  20.065   0.002   0.010   105.92     9.60   9.781 048
100524 073740.000,4604.8618,N,01313.0338,E,0.30,74.64#CT   -0.45  20.064   0.002   0.010   106.00     9.61   9.781 056
100524 073740.000,4604.8618,N,01313.0338,E,0.30,74.64#CT   -0.45  20.066   0.002   0.010   106.00     9.61   9.781 058
100524 073741.000,4604.8619,N,01313.0340,E,0.36,74.64#CT   -0.45  20.067   0.002   0.010   106.00     9.61   9.780 058
100524 073741.000,4604.8619,N,01313.0340,E,0.36,74.64#CT   -0.45  20.065   0.002   0.010   106.00     9.61   9.781 057
100524 073742.000,4604.8620,N,01313.0341,E,0.40,74.64#CT   -0.45  20.065   0.002   0.010   106.00     9.61   9.781 057
100524 073743.000,4604.8620,N,01313.0342,E,0.30,74.64#CT   -0.45  20.062   0.002   0.010   105.86     9.60   9.781 050
100524 073743.000,4604.8620,N,01313.0342,E,0.30,74.64#CT   -0.45  20.060   0.002   0.010   105.86     9.60   9.782 051
100524 073743.000,4604.8620,N,01313.0342,E,0.30,74.64#CT   -0.45  20.059   0.002   0.010   105.86     9.60   9.782 057
100524 073744.000,4604.8619,N,01313.0343,E,0.18,74.64#CT   -0.45  20.060   0.002   0.010   105.86     9.60   9.783 050
100524 073744.000,4604.8619,N,01313.0343,E,0.18,74.64#CT   -0.45  20.059   0.002   0.010   105.86     9.60   9.784 063
100524 073745.000,4604.8619,N,01313.0344,E,0.19,74.64#CT   -0.45  20.060   0.002   0.010   105.82     9.59   9.784 059
100524 073745.000,4604.8619,N,01313.0344,E,0.19,74.64#CT   -0.45  20.060   0.002   0.010   105.82     9.59   9.785 058
100524 073746.000,4604.8619,N,01313.0343,E,0.53,74.64#CT   -0.45  20.056   0.002   0.010   105.82     9.59   9.785 063
100524 073747.000,4604.8618,N,01313.0344,E,0.25,74.64#CT   -0.45  20.053   0.002   0.010   105.82     9.59   9.785 058
100524 073747.000,4604.8618,N,01313.0344,E,0.25,74.64#CT   -0.45  20.056   0.002   0.010   105.82     9.59   9.784 062
