111224 085531.000,4604.9687,N,01312.9334,E,0.55,194.49#CT    0.12  19.764   0.002   0.010   104.13     7.69   3.332 058
111224 085531.000,4604.9687,N,01312.9334,E,0.55,194.49#CT    0.12  19.784   0.002   0.010   104.13     7.69   3.340 049
111224 085532.000,4604.9688,N,01312.9342,E,0.62,194.49#CT    0.12  19.806   0.002   0.010   104.13     7.69   3.349 061
111224 085532.000,4604.9688,N,01312.9342,E,0.62,194.49#CT    0.12  19.814   0.002   0.010   104.13     7.69   3.358 062
111224 085533.000,4604.9687,N,01312.9341,E,0.29,194.49#CT    0.12  19.820   0.002   0.010   104.13     7.69   3.352 051
111224 085533.000,4604.9687,N,01312.9341,E,0.29,194.49#CT    0.12  19.824   0.002   0.010   104.32     9.51   3.373 050
111224 085534.000,4604.9687,N,01312.9342,E,0.59,194.49#CT    0.12  19.826   0.002   0.010   104.32     9.51   3.431 049
111224 085534.000,4604.9687,N,01312.9342,E,0.59,194.49#CT    0.12  19.828   0.002   0.010   104.32     9.51   3.370 061
111224 085535.000,4604.9686,N,01312.9348,E,0.09,194.49#CT    0.12  19.828   0.002   0.010   104.32     9.51   3.379 052
111224 085535.000,4604.9686,N,01312.9348,E,0.09,194.49#CT    0.12  19.830   0.002   0.010   104.32     9.51   3.453 050
111224 085536.000,4604.9683,N,01312.9355,E,0.76,194.49#CT    0.12  19.833   0.002   0.010   104.32     9.50   3.287 063
111224 085536.000,4604.9683,N,01312.9355,E,0.76,194.49#CT    0.12  19.836   0.002   0.010   104.32     9.50   3.226 049
111224 085537.000,4604.9680,N,01312.9358,E,0.54,194.49#CT    0.12  19.841   0.002   0.010   104.32     9.50   3.254 052
111224 085537.000,4604.9680,N,01312.9358,E,0.54,194.49#CT    0.12  19.847   0.002   0.010   104.32     9.50   3.358 063
111224 085538.000,4604.9680,N,01312.9357,E,0.31,194.49#CT    0.12  19.851   0.002   0.010   104.32     9.50   3.378 058
111224 085538.000,4604.9680,N,01312.9357,E,0.31,194.49#CT    0.12  19.853   0.002   0.010   104.18     9.49   3.372 050
111224 085539.000,4604.9681,N,01312.9362,E,0.33,194.49#CT    0.12  19.855   0.002   0.010   104.18     9.49   3.363 052
111224 085539.000,4604.9681,N,01312.9362,E,0.33,194.49#CT    0.12  19.858   0.002   0.010   104.18     9.49   3.356 063
111224 085540.000,4604.9678,N,01312.9360,E,0.60,194.49#CT    0.12  19.861   0.002   0.010   104.18     9.49   3.351 050
111224 085540.000,4604.9678,N,01312.9360,E,0.60,194.49#CT    0.12  19.864   0.002   0.010   104.18     9.49   3.349 062
111224 085541.000,4604.9678,N,01312.9356,E,1.01,194.49#CT    0.12  19.867   0.002   0.010   104.23     9.49   3.348 052
111224 085541.000,4604.9678,N,01312.9356,E,1.01,194.49#CT    0.12  19.869   0.002   0.010   104.23     9.49   3.346 052
111224 085542.000,4604.9675,N,01312.9351,E,1.59,194.49#CT    0.12  19.870   0.002   0.010   104.23     9.49   3.345 063
111224 085542.000,4604.9675,N,01312.9351,E,1.59,194.49#CT    0.12  19.871   0.002   0.010   104.23     9.49   3.343 056
111224 085543.000,4604.9672,N,01312.9351,E,1.33,194.49#CT    0.12  19.874   0.002   0.010   104.23     9.49   3.342 060
111224 085543.000,4604.9672,N,01312.9351,E,1.33,194.49#CT    0.12  19.878   0.002   0.010   104.22     9.49   3.340 051
111224 085544.000,4604.9675,N,01312.9350,E,0.05,194.49#CT    0.12  19.881   0.002   0.010   104.22     9.49   3.343 054
111224 085544.000,4604.9675,N,01312.9350,E,0.05,194.49#CT    0.12  19.885   0.002   0.010   104.22     9.49   3.310 052
111224 085545.000,4604.9677,N,01312.9349,E,0.06,194.49#CT    0.12  19.889   0.002   0.010   104.22     9.49   3.327 060
111224 085545.000,4604.9677,N,01312.9349,E,0.06,194.49#CT    0.12  19.893   0.002   0.010   104.22     9.49   3.307 053
111224 085546.000,4604.9679,N,01312.9354,E,0.07,194.49#CT    0.12  19.897   0.002   0.010   104.24     9.49   3.350 053
111224 085546.000,4604.9679,N,01312.9354,E,0.07,194.49#CT    0.12  19.902   0.002   0.010   104.24     9.49   3.349 048
111224 085547.000,4604.9680,N,01312.9355,E,0.04,194.49#CT    0.12  19.907   0.002   0.010   104.24     9.49   3.335 062
111224 085547.000,4604.9680,N,01312.9355,E,0.04,194.49#CT    0.12  19.912   0.002   0.010   104.24     9.49   3.317 058
111224 085548.000,4604.9679,N,01312.9355,E,0.01,194.49#CT    0.12  19.917   0.002   0.010   104.24     9.49   3.273 060
111224 085549.000,4604.9680,N,01312.9358,E,0.05,194.49#CT    0.12  19.921   0.002   0.010   104.19     9.48   3.233 050
111224 085549.000,4604.9680,N,01312.9358,E,0.05,194.49#CT    0.12  19.926   0.002   0.010   104.19     9.48   3.244 053
111224 085549.000,4604.9680,N,01312.9358,E,0.05,194.49#CT    0.12  19.931   0.002   0.010   104.19     9.48   3.297 061
111224 085550.000,4604.9680,N,01312.9354,E,0.03,194.49#CT    0.12  19.935   0.002   0.010   104.19     9.48   3.340 050
111224 085550.000,4604.9680,N,01312.9354,E,0.03,194.49#CT    0.12  19.940   0.002   0.010   104.19     9.48   3.334 051
111224 085551.000,4604.9683,N,01312.9350,E,0.05,194.49#CT    0.12  19.945   0.002   0.010   104.19     9.47   3.331 060
111224 085551.000,4604.9683,N,01312.9350,E,0.05,194.49#CT    0.12  19.949   0.002   0.010   104.19     9.47   3.330 049
111224 085552.000,4604.9688,N,01312.9351,E,0.05,194.49#CT    0.12  19.953   0.002   0.010   104.19     9.47   3.330 058
111224 085552.000,4604.9688,N,01312.9351,E,0.05,194.49#CT    0.12  19.956   0.002   0.010   104.19     9.47   3.327 057
111224 085553.000,4604.9687,N,01312.9347,E,0.07,194.49#CT    0.12  19.959   0.002   0.010   104.19     9.47   3.330 048
111224 085554.000,4604.9689,N,01312.9343,E,0.88,194.49#CT    0.12  19.963   0.002   0.010   104.09     9.46   3.402 063
111224 085554.000,4604.9689,N,01312.9343,E,0.88,194.49#CT    0.12  19.967   0.002   0.010   104.09     9.46   3.386 048
111224 085555.000,4604.9694,N,01312.9349,E,0.52,194.49#CT    0.12  19.970   0.002   0.010   104.09     9.46   3.350 061
111224 085555.000,4604.9694,N,01312.9349,E,0.52,194.49#CT    0.12  19.973   0.002   0.010   104.09     9.46   3.334 060
111224 085556.000,4604.9694,N,01312.9349,E,0.30,194.49#CT    0.12  19.977   0.002   0.010   104.09     9.46   3.339 053
111224 085556.000,4604.9694,N,01312.9349,E,0.30,194.49#CT    0.12  19.980   0.002   0.010   104.22     9.47   3.339 053
111224 085557.000,4604.9695,N,01312.9352,E,0.28,194.49#CT    0.12  19.984   0.002   0.010   104.22     9.47   3.340 063
111224 085557.000,4604.9695,N,01312.9352,E,0.28,194.49#CT    0.12  19.987   0.002   0.010   104.22     9.47   3.342 062
111224 085558.000,4604.9695,N,01312.9350,E,0.77,194.49#CT    0.12  19.990   0.002   0.010   104.22     9.47   3.341 059
111224 085558.000,4604.9695,N,01312.9350,E,0.77,194.49#CT    0.12  19.993   0.002   0.010   104.22     9.47   3.340 057
111224 085559.000,4604.9698,N,01312.9352,E,0.28,194.49#CT    0.12  19.996   0.002   0.010   104.12     9.46   3.345 059
111224 085559.000,4604.9698,N,01312.9352,E,0.28,194.49#CT    0.12  19.999   0.002   0.010   104.12     9.46   3.345 052
111224 085600.000,4604.9701,N,01312.9355,E,0.21,194.49#CT    0.12  20.002   0.002   0.010   104.12     9.46   3.341 049
111224 085600.000,4604.9701,N,01312.9355,E,0.21,194.49#CT    0.12  20.004   0.002   0.010   104.12     9.46   3.340 054
111224 085601.000,4604.9700,N,01312.9358,E,0.66,194.49#CT    0.12  20.006   0.002   0.010   104.12     9.46   3.339 058
111224 085601.000,4604.9700,N,01312.9358,E,0.66,194.49#CT    0.12  20.010   0.002   0.010   104.07     9.45   3.340 052
111224 085602.000,4604.9702,N,01312.9362,E,0.18,194.49#CT    0.12  20.013   0.002   0.010   104.07     9.45   3.340 055
111224 085602.000,4604.9702,N,01312.9362,E,0.18,194.49#CT    0.12  20.016   0.002   0.010   104.07     9.45   3.351 050
111224 085603.000,4604.9703,N,01312.9366,E,0.63,194.49#CT    0.12  20.019   0.002   0.010   104.07     9.45   3.367 056
111224 085603.000,4604.9703,N,01312.9366,E,0.63,194.49#CT    0.12  20.022   0.002   0.010   104.07     9.45   3.344 049
111224 085604.000,4604.9709,N,01312.9375,E,1.70,194.49#CT    0.12  20.026   0.002   0.010   104.11     9.45   3.331 048
111224 085604.000,4604.9709,N,01312.9375,E,1.70,194.49#CT    0.12  20.028   0.002   0.010   104.11     9.45   3.327 057
111224 085605.000,4604.9710,N,01312.9378,E,1.24,194.49#CT    0.12  20.031   0.002   0.010   104.11     9.45   3.326 048
111224 085605.000,4604.9710,N,01312.9378,E,1.24,194.49#CT    0.12  20.035   0.002   0.010   104.11     9.45   3.326 052
111224 085606.000,4604.9715,N,01312.9381,E,1.30,194.49#CT    0.12  20.038   0.002   0.010   104.11     9.45   3.326 057
111224 085606.000,4604.9715,N,01312.9381,E,1.30,194.49#CT    0.12  20.042   0.002   0.010   104.02     9.44   3.327 054
111224 085607.000,4604.9713,N,01312.9384,E,0.88,194.49#CT    0.12  20.045   0.002   0.010   104.02     9.44   3.326 048
111224 085607.000,4604.9713,N,01312.9384,E,0.88,194.49#CT    0.12  20.048   0.002   0.010   104.02     9.44   3.327 060
111224 085608.000,4604.9713,N,01312.9383,E,0.39,194.49#CT    0.12  20.051   0.002   0.010   104.02     9.44   3.326 053
111224 085608.000,4604.9713,N,01312.9383,E,0.39,194.49#CT    0.12  20.054   0.002   0.010   104.02     9.44   3.325 051
111224 085609.000,4604.9711,N,01312.9386,E,0.41,194.49#CT    0.12  20.058   0.002   0.010   104.15     9.45   3.323 062
111224 085609.000,4604.9711,N,01312.9386,E,0.41,194.49#CT    0.12  20.062   0.002   0.010   104.15     9.45   3.324 048
111224 085610.000,4604.9710,N,01312.9390,E,0.76,194.49#CT    0.12  20.064   0.002   0.010   104.15     9.45   3.326 052
111224 085610.000,4604.9710,N,01312.9390,E,0.76,194.49#CT    0.12  20.067   0.002   0.010   104.15     9.45   3.325 052
111224 085611.000,4604.9710,N,01312.9394,E,0.70,194.49#CT    0.12  20.071   0.002   0.010   104.15     9.45   3.325 051
111224 085611.000,4604.9710,N,01312.9394,E,0.70,194.49#CT    0.12  20.074   0.002   0.010   103.97     9.43   3.325 061
111224 085612.000,4604.9714,N,01312.9400,E,1.08,194.49#CT    0.12  20.078   0.002   0.010   103.97     9.43   3.324 048
111224 085612.000,4604.9714,N,01312.9400,E,1.08,194.49#CT    0.12  20.080   0.002   0.010   103.97     9.43   3.325 054
111224 085613.000,4604.9714,N,01312.9399,E,0.56,194.49#CT    0.12  20.084   0.002   0.010   103.97     9.43   3.324 051
111224 085613.000,4604.9714,N,01312.9399,E,0.56,194.49#CT    0.12  20.087   0.002   0.010   103.97     9.43   3.324 048
111224 085614.000,4604.9716,N,01312.9400,E,0.84,194.49#CT    0.12  20.089   0.002   0.010   104.05     9.43   3.324 050
111224 085614.000,4604.9716,N,01312.9400,E,0.84,194.49#CT    0.12  20.091   0.002   0.010   104.05     9.43   3.323 060
111224 085615.000,4604.9717,N,01312.9397,E,0.84,194.49#CT    0.12  20.094   0.002   0.010   104.05     9.43   3.322 056
111224 085615.000,4604.9717,N,01312.9397,E,0.84,194.49#CT    0.12  20.097   0.002   0.010   104.05     9.43   3.322 059
111224 085616.000,4604.9717,N,01312.9394,E,0.54,194.49#CT    0.12  20.100   0.002   0.010   104.05     9.43   3.323 053
111224 085617.000,4604.9714,N,01312.9390,E,0.24,194.49#CT    0.12  20.102   0.002   0.010   103.96     9.42   3.323 059
111224 085617.000,4604.9714,N,01312.9390,E,0.24,194.49#CT    0.12  20.105   0.002   0.010   103.96     9.42   3.322 061
111224 085617.000,4604.9714,N,01312.9390,E,0.24,194.49#CT    0.12  20.108   0.002   0.010   103.96     9.42   3.322 048
111224 085618.000,4604.9713,N,01312.9392,E,0.93,194.49#CT    0.12  20.111   0.002   0.010   103.96     9.42   3.331 058
111224 085618.000,4604.9713,N,01312.9392,E,0.93,194.49#CT    0.12  20.113   0.002   0.010   103.96     9.42   3.328 048
111224 085619.000,4604.9713,N,01312.9394,E,0.94,194.49#CT    0.12  20.116   0.002   0.010   104.06     9.43   3.344 048
111224 085620.000,4604.9714,N,01312.9393,E,0.89,194.49#CT    0.12  20.118   0.002   0.010   104.06     9.43   3.335 056
111224 085620.000,4604.9714,N,01312.9393,E,0.89,194.49#CT    0.12  20.120   0.002   0.010   104.06     9.43   3.341 048
111224 085621.000,4604.9713,N,01312.9386,E,0.40,194.49#CT    0.12  20.122   0.002   0.010   104.06     9.43   3.324 049
111224 085621.000,4604.9713,N,01312.9386,E,0.40,194.49#CT    0.12  20.124   0.002   0.010   104.06     9.43   3.324 055
111224 085622.000,4604.9713,N,01312.9382,E,0.39,194.49#CT    0.12  20.125   0.002   0.010   104.10     9.43   3.325 048
111224 085622.000,4604.9713,N,01312.9382,E,0.39,194.49#CT    0.12  20.127   0.002   0.010   104.10     9.43   3.326 049
111224 085623.000,4604.9713,N,01312.9381,E,0.41,194.49#CT    0.12  20.130   0.002   0.010   104.10     9.43   3.326 055
111224 085623.000,4604.9713,N,01312.9381,E,0.41,194.49#CT    0.12  20.132   0.002   0.010   104.10     9.43   3.326 053
111224 085624.000,4604.9713,N,01312.9382,E,0.73,194.49#CT    0.12  20.133   0.002   0.010   104.10     9.43   3.328 058
111224 085624.000,4604.9713,N,01312.9382,E,0.73,194.49#CT    0.12  20.136   0.002   0.010   104.16     9.43   3.328 057
111224 085625.000,4604.9707,N,01312.9374,E,0.77,194.49#CT    0.12  20.138   0.002   0.010   104.16     9.43   3.327 056
111224 085625.000,4604.9707,N,01312.9374,E,0.77,194.49#CT    0.12  20.138   0.002   0.010   104.16     9.43   3.325 058
111224 085626.000,4604.9710,N,01312.9374,E,0.14,194.49#CT    0.12  20.140   0.002   0.010   104.16     9.43   3.326 054
111224 085626.000,4604.9710,N,01312.9374,E,0.14,194.49#CT    0.12  20.142   0.002   0.010   104.16     9.43   3.324 054
111224 085627.000,4604.9715,N,01312.9372,E,0.98,194.49#CT    0.12  20.144   0.002   0.010   104.06     9.42   3.322 054
111224 085627.000,4604.9715,N,01312.9372,E,0.98,194.49#CT    0.12  20.145   0.002   0.010   104.06     9.42   3.319 063
111224 085628.000,4604.9712,N,01312.9364,E,0.02,194.49#CT    0.12  20.146   0.002   0.010   104.06     9.42   3.313 054
111224 085628.000,4604.9712,N,01312.9364,E,0.02,194.49#CT    0.12  20.148   0.002   0.010   104.06     9.42   3.313 056
111224 085629.000,4604.9711,N,01312.9358,E,0.02,194.49#CT    0.12  20.149   0.002   0.010   104.06     9.42   3.313 057
111224 085629.000,4604.9711,N,01312.9358,E,0.02,194.49#CT    0.12  20.150   0.002   0.010   103.97     9.41   3.317 057
111224 085630.000,4604.9710,N,01312.9353,E,0.03,194.49#CT    0.12  20.151   0.002   0.010   103.97     9.41   3.317 056
111224 085630.000,4604.9710,N,01312.9353,E,0.03,194.49#CT    0.12  20.153   0.002   0.010   103.97     9.41   3.313 062
111224 085631.000,4604.9709,N,01312.9348,E,0.02,194.49#CT    0.12  20.154   0.002   0.010   103.97     9.41   3.312 056
111224 085631.000,4604.9709,N,01312.9348,E,0.02,194.49#CT    0.12  20.155   0.002   0.010   103.97     9.41   3.314 063
111224 085632.000,4604.9711,N,01312.9344,E,0.05,194.49#CT    0.12  20.156   0.002   0.010   104.01     9.41   3.316 054
111224 085632.000,4604.9711,N,01312.9344,E,0.05,194.49#CT    0.12  20.157   0.002   0.010   104.01     9.41   3.321 051
111224 085633.000,4604.9715,N,01312.9344,E,0.11,194.49#CT    0.12  20.156   0.002   0.010   104.01     9.41   3.315 053
111224 085633.000,4604.9715,N,01312.9344,E,0.11,194.49#CT    0.12  20.157   0.002   0.010   104.01     9.41   3.308 056
111224 085634.000,4604.9713,N,01312.9339,E,0.03,194.49#CT    0.12  20.157   0.002   0.010   104.01     9.41   3.310 049
111224 085634.000,4604.9713,N,01312.9339,E,0.03,194.49#CT    0.12  20.158   0.002   0.010   104.05     9.42   3.313 058
111224 085635.000,4604.9714,N,01312.9334,E,0.06,194.49#CT    0.12  20.159   0.002   0.010   104.05     9.42   3.312 058
111224 085635.000,4604.9714,N,01312.9334,E,0.06,194.49#CT    0.12  20.159   0.002   0.010   104.05     9.42   3.308 049
111224 085636.000,4604.9714,N,01312.9330,E,0.04,194.49#CT    0.12  20.158   0.002   0.010   104.05     9.42   3.305 061
111224 085636.000,4604.9714,N,01312.9330,E,0.04,194.49#CT    0.12  20.158   0.002   0.010   104.05     9.42   3.304 060
111224 085637.000,4604.9714,N,01312.9329,E,0.03,194.49#CT    0.12  20.159   0.002   0.010   103.99     9.41   3.304 060
111224 085637.000,4604.9714,N,01312.9329,E,0.03,194.49#CT    0.12  20.159   0.002   0.010   103.99     9.41   3.305 061
111224 085638.000,4604.9712,N,01312.9328,E,0.05,194.49#CT    0.12  20.161   0.002   0.010   103.99     9.41   3.304 055
111224 085638.000,4604.9712,N,01312.9328,E,0.05,194.49#CT    0.12  20.161   0.002   0.010   103.99     9.41   3.304 055
111224 085639.000,4604.9703,N,01312.9319,E,0.14,194.49#CT    0.12  20.161   0.002   0.010   103.99     9.41   3.304 055
111224 085639.000,4604.9703,N,01312.9319,E,0.14,194.49#CT    0.12  20.160   0.002   0.010   104.02     9.41   3.303 052
111224 085640.000,4604.9700,N,01312.9317,E,0.15,194.49#CT    0.12  20.161   0.002   0.010   104.02     9.41   3.302 052
111224 085640.000,4604.9700,N,01312.9317,E,0.15,194.49#CT    0.12  20.162   0.002   0.010   104.02     9.41   3.302 055
111224 085641.000,4604.9707,N,01312.9320,E,0.04,194.49#CT    0.12  20.163   0.002   0.010   104.02     9.41   3.300 052
111224 085641.000,4604.9707,N,01312.9320,E,0.04,194.49#CT    0.12  20.163   0.002   0.010   104.02     9.41   3.298 052
111224 085642.000,4604.9715,N,01312.9327,E,0.09,194.49#CT    0.12  20.163   0.002   0.010   104.09     9.42   3.297 051
111224 085642.000,4604.9715,N,01312.9327,E,0.09,194.49#CT    0.12  20.162   0.002   0.010   104.09     9.42   3.297 050
111224 085643.000,4604.9713,N,01312.9324,E,0.02,194.49#CT    0.12  20.163   0.002   0.010   104.09     9.42   3.299 061
111224 085643.000,4604.9713,N,01312.9324,E,0.02,194.49#CT    0.12  20.163   0.002   0.010   104.09     9.42   3.298 060
111224 085644.000,4604.9714,N,01312.9321,E,0.05,194.49#CT    0.12  20.163   0.002   0.010   104.09     9.42   3.297 051
111224 085644.000,4604.9714,N,01312.9321,E,0.05,194.49#CT    0.12  20.163   0.002   0.010   104.09     9.42   3.298 060
111224 085645.000,4604.9709,N,01312.9320,E,0.07,194.49#CT    0.12  20.164   0.002   0.010   104.09     9.42   3.297 052
111224 085645.000,4604.9709,N,01312.9320,E,0.07,194.49#CT    0.12  20.165   0.002   0.010   104.09     9.42   3.291 051
111224 085646.000,4604.9707,N,01312.9320,E,0.03,194.49#CT    0.12  20.166   0.002   0.010   104.09     9.42   3.300 057
111224 085646.000,4604.9707,N,01312.9320,E,0.03,194.49#CT    0.12  20.165   0.002   0.010   104.09     9.42   3.304 062
111224 085647.000,4604.9706,N,01312.9321,E,0.03,194.49#CT    0.12  20.166   0.002   0.010   104.03     9.41   3.301 049
111224 085647.000,4604.9706,N,01312.9321,E,0.03,194.49#CT    0.12  20.167   0.002   0.010   104.03     9.41   3.300 049
111224 085648.000,4604.9707,N,01312.9324,E,0.08,194.49#CT    0.12  20.168   0.002   0.010   104.03     9.41   3.299 063
111224 085648.000,4604.9707,N,01312.9324,E,0.08,194.49#CT    0.12  20.169   0.002   0.010   104.03     9.41   3.301 062
111224 085649.000,4604.9701,N,01312.9317,E,0.06,194.49#CT    0.12  20.170   0.002   0.010   104.03     9.41   3.312 052
111224 085650.000,4604.9697,N,01312.9316,E,0.11,194.49#CT    0.12  20.171   0.002   0.010   104.05     9.41   3.309 057
111224 085650.000,4604.9697,N,01312.9316,E,0.11,194.49#CT    0.12  20.171   0.002   0.010   104.05     9.41   3.304 052
111224 085651.000,4604.9689,N,01312.9303,E,0.05,194.49#CT    0.12  20.171   0.002   0.010   104.05     9.41   3.300 048
111224 085651.000,4604.9689,N,01312.9303,E,0.05,194.49#CT    0.12  20.172   0.002   0.010   104.05     9.41   3.306 053
111224 085651.000,4604.9689,N,01312.9303,E,0.05,194.49#CT    0.12  20.172   0.002   0.010   104.05     9.41   3.306 053
111224 085652.000,4604.9685,N,01312.9296,E,1.16,194.49#CT    0.12  20.173   0.002   0.010   104.03     9.41   3.300 052
111224 085652.000,4604.9685,N,01312.9296,E,1.16,194.49#CT    0.13  20.173   0.002   0.010   104.03     9.41   3.294 057
111224 085653.000,4604.9687,N,01312.9293,E,0.86,194.49#CT    0.12  20.173   0.002   0.010   104.03     9.41   3.307 051
111224 085654.000,4604.9685,N,01312.9282,E,1.27,194.49#CT    0.12  20.174   0.002   0.010   104.03     9.41   3.310 050
111224 085654.000,4604.9685,N,01312.9282,E,1.27,194.49#CT    0.12  20.174   0.002   0.010   104.03     9.41   3.325 052
111224 085655.000,4604.9679,N,01312.9284,E,0.86,194.49#CT    0.12  20.174   0.002   0.010   103.96     9.40   3.313 059
111224 085655.000,4604.9679,N,01312.9284,E,0.86,194.49#CT    0.12  20.174   0.002   0.010   103.96     9.40   3.297 054
111224 085656.000,4604.9678,N,01312.9280,E,0.63,194.49#CT    0.12  20.175   0.002   0.010   103.96     9.40   3.294 052
111224 085656.000,4604.9678,N,01312.9280,E,0.63,194.49#CT    0.12  20.175   0.002   0.010   103.96     9.40   3.293 051
111224 085657.000,4604.9677,N,01312.9279,E,0.18,194.49#CT    0.12  20.175   0.002   0.010   103.96     9.40   3.293 051
111224 085657.000,4604.9677,N,01312.9279,E,0.18,194.49#CT    0.12  20.177   0.002   0.010   104.00     9.41   3.293 056
111224 085658.000,4604.9677,N,01312.9289,E,1.40,194.49#CT    0.12  20.178   0.002   0.010   104.00     9.41   3.293 055
111224 085658.000,4604.9677,N,01312.9289,E,1.40,194.49#CT    0.12  20.178   0.002   0.010   104.00     9.41   3.293 055
111224 085659.000,4604.9675,N,01312.9285,E,0.05,194.49#CT    0.12  20.178   0.002   0.010   104.00     9.41   3.292 054
111224 085659.000,4604.9675,N,01312.9285,E,0.05,194.49#CT    0.12  20.178   0.002   0.010   104.00     9.41   3.292 054
111224 085700.000,4604.9678,N,01312.9296,E,0.16,194.49#CT    0.12  20.179   0.002   0.010   104.00     9.41   3.293 054
111224 085700.000,4604.9678,N,01312.9296,E,0.16,194.49#CT    0.12  20.179   0.002   0.010   104.00     9.41   3.303 062
111224 085701.000,4604.9678,N,01312.9300,E,0.15,194.49#CT    0.12  20.179   0.002   0.010   104.00     9.41   3.323 060
111224 085701.000,4604.9678,N,01312.9300,E,0.15,194.49#CT    0.12  20.179   0.002   0.010   104.00     9.41   3.321 062
111224 085702.000,4604.9684,N,01312.9310,E,0.20,194.49#CT    0.12  20.178   0.002   0.010   104.00     9.41   3.366 060
111224 085702.000,4604.9684,N,01312.9310,E,0.20,194.49#CT    0.12  20.178   0.002   0.010   103.99     9.41   3.499 060
111224 085703.000,4604.9690,N,01312.9312,E,0.17,194.49#CT    0.12  20.179   0.002   0.010   103.99     9.41   3.562 056
111224 085703.000,4604.9690,N,01312.9312,E,0.17,194.49#CT    0.12  20.179   0.002   0.010   103.99     9.41   3.412 062
111224 085704.000,4604.9690,N,01312.9328,E,0.25,194.49#CT    0.12  20.179   0.002   0.010   103.99     9.41   3.277 059
111224 085704.000,4604.9690,N,01312.9328,E,0.25,194.49#CT    0.12  20.180   0.002   0.010   103.99     9.41   3.239 055
111224 085705.000,4604.9691,N,01312.9325,E,0.20,194.49#CT    0.12  20.181   0.002   0.010   104.09     9.41   3.242 052
111224 085705.000,4604.9691,N,01312.9325,E,0.20,194.49#CT    0.12  20.181   0.002   0.010   104.09     9.41   3.252 053
111224 085706.000,4604.9693,N,01312.9329,E,0.24,194.49#CT    0.12  20.182   0.002   0.010   104.09     9.41   3.259 061
111224 085706.000,4604.9693,N,01312.9329,E,0.24,194.49#CT    0.12  20.183   0.002   0.010   104.09     9.41   3.263 053
111224 085707.000,4604.9696,N,01312.9343,E,0.33,194.49#CT    0.12  20.183   0.002   0.010   104.09     9.41   3.269 063
111224 085707.000,4604.9696,N,01312.9343,E,0.33,194.49#CT    0.12  20.184   0.002   0.010   104.00     9.41   3.267 063
111224 085708.000,4604.9701,N,01312.9361,E,0.34,194.49#CT    0.12  20.184   0.002   0.010   104.00     9.41   3.255 062
111224 085708.000,4604.9701,N,01312.9361,E,0.34,194.49#CT    0.12  20.185   0.002   0.010   104.00     9.41   3.250 058
111224 085709.000,4604.9707,N,01312.9378,E,3.36,67.76#CT    0.12  20.185   0.002   0.010   104.00     9.41   3.261 056
111224 085709.000,4604.9707,N,01312.9378,E,3.36,67.76#CT    0.12  20.185   0.002   0.010   104.00     9.41   3.270 056
111224 085710.000,4604.9714,N,01312.9379,E,2.42,60.25#CT    0.12  20.186   0.002   0.010   104.08     9.41   3.270 051
111224 085710.000,4604.9714,N,01312.9379,E,2.42,60.25#CT    0.12  20.186   0.002   0.010   104.08     9.41   3.270 051
111224 085711.000,4604.9718,N,01312.9373,E,1.65,28.45#CT    0.12  20.187   0.002   0.010   104.08     9.41   3.271 051
111224 085711.000,4604.9718,N,01312.9373,E,1.65,28.45#CT    0.12  20.187   0.002   0.010   104.08     9.41   3.272 048
111224 085712.000,4604.9715,N,01312.9369,E,0.69,6.26#CT    0.12  20.188   0.002   0.010   104.08     9.41   3.271 060
111224 085712.000,4604.9715,N,01312.9369,E,0.69,6.26#CT    0.12  20.188   0.002   0.010   104.01     9.41   3.271 053
111224 085713.000,4604.9716,N,01312.9368,E,0.74,4.59#CT    0.12  20.188   0.002   0.010   104.01     9.41   3.271 053
111224 085713.000,4604.9716,N,01312.9368,E,0.74,4.59#CT    0.12  20.188   0.002   0.010   104.01     9.41   3.274 048
111224 085714.000,4604.9714,N,01312.9373,E,0.58,4.59#CT    0.12  20.188   0.002   0.010   104.01     9.41   3.272 054
111224 085714.000,4604.9714,N,01312.9373,E,0.58,4.59#CT    0.12  20.188   0.002   0.010   104.01     9.41   3.270 052
111224 085715.000,4604.9711,N,01312.9390,E,1.41,87.61#CT    0.12  20.188   0.002   0.010   103.99     9.40   3.270 051
111224 085715.000,4604.9711,N,01312.9390,E,1.41,87.61#CT    0.12  20.188   0.002   0.010   103.99     9.40   3.273 048
111224 085716.000,4604.9708,N,01312.9399,E,1.76,102.93#CT    0.12  20.187   0.002   0.010   103.99     9.40   3.271 061
111224 085716.000,4604.9708,N,01312.9399,E,1.76,102.93#CT    0.12  20.188   0.002   0.010   103.99     9.40   3.276 053
111224 085717.000,4604.9708,N,01312.9404,E,1.33,112.37#CT    0.12  20.188   0.002   0.010   103.99     9.40   3.280 060
111224 085718.000,4604.9705,N,01312.9394,E,0.40,112.37#CT    0.12  20.188   0.002   0.010   103.88     9.39   3.279 052
111224 085718.000,4604.9705,N,01312.9394,E,0.40,112.37#CT    0.12  20.188   0.002   0.010   103.88     9.39   3.273 062
111224 085718.000,4604.9705,N,01312.9394,E,0.40,112.37#CT    0.12  20.188   0.002   0.010   103.88     9.39   3.271 060
111224 085719.000,4604.9704,N,01312.9396,E,0.62,80.73#CT    0.12  20.187   0.002   0.010   103.88     9.39   3.268 059
111224 085719.000,4604.9704,N,01312.9396,E,0.62,80.73#CT    0.12  20.187   0.002   0.010   103.88     9.39   3.267 052
111224 085720.000,4604.9698,N,01312.9397,E,1.51,142.00#CT    0.12  20.189   0.002   0.010   104.01     9.41   3.267 051
111224 085721.000,4604.9698,N,01312.9389,E,1.04,138.31#CT    0.12  20.189   0.002   0.010   104.01     9.41   3.268 060
111224 085721.000,4604.9698,N,01312.9389,E,1.04,138.31#CT    0.12  20.191   0.002   0.010   104.01     9.41   3.267 058
111224 085722.000,4604.9694,N,01312.9365,E,0.66,183.93#CT    0.12  20.192   0.002   0.010   104.01     9.41   3.265 059
111224 085722.000,4604.9694,N,01312.9365,E,0.66,183.93#CT    0.12  20.193   0.002   0.010   104.01     9.41   3.264 059
111224 085723.000,4604.9687,N,01312.9366,E,1.13,109.83#CT    0.12  20.193   0.002   0.010   104.01     9.41   3.263 060
111224 085723.000,4604.9687,N,01312.9366,E,1.13,109.83#CT    0.12  20.194   0.002   0.010   104.01     9.41   3.267 063
111224 085724.000,4604.9684,N,01312.9356,E,1.05,165.47#CT    0.12  20.194   0.002   0.010   104.01     9.41   3.267 063
111224 085724.000,4604.9684,N,01312.9356,E,1.05,165.47#CT    0.12  20.194   0.002   0.010   104.01     9.41   3.267 063
111224 085725.000,4604.9681,N,01312.9368,E,0.74,149.55#CT    0.12  20.195   0.002   0.010   104.01     9.41   3.265 060
111224 085725.000,4604.9681,N,01312.9368,E,0.74,149.55#CT    0.12  20.197   0.002   0.010   104.00     9.40   3.258 048
111224 085726.000,4604.9683,N,01312.9358,E,0.48,149.55#CT    0.12  20.198   0.002   0.010   104.00     9.40   3.249 063
111224 085726.000,4604.9683,N,01312.9358,E,0.48,149.55#CT    0.12  20.199   0.002   0.010   104.00     9.40   3.251 055
111224 085727.000,4604.9684,N,01312.9360,E,1.10,357.55#CT    0.12  20.200   0.002   0.010   104.00     9.40   3.250 053
111224 085727.000,4604.9684,N,01312.9360,E,1.10,357.55#CT    0.12  20.200   0.002   0.010   104.00     9.40   3.247 051
111224 085728.000,4604.9689,N,01312.9350,E,1.36,343.19#CT    0.12  20.200   0.002   0.010   104.14     9.42   3.287 056
111224 085728.000,4604.9689,N,01312.9350,E,1.36,343.19#CT    0.12  20.200   0.002   0.010   104.14     9.42   3.292 060
111224 085729.000,4604.9687,N,01312.9351,E,0.65,328.71#CT    0.12  20.203   0.002   0.010   104.14     9.42   3.336 048
111224 085729.000,4604.9687,N,01312.9351,E,0.65,328.71#CT    0.12  20.204   0.002   0.010   104.14     9.42   3.372 055
111224 085730.000,4604.9689,N,01312.9338,E,1.45,285.24#CT    0.12  20.206   0.002   0.010   104.14     9.42   3.242 055
111224 085730.000,4604.9689,N,01312.9338,E,1.45,285.24#CT    0.12  20.208   0.002   0.010   103.90     9.39   3.285 053
111224 085731.000,4604.9691,N,01312.9355,E,1.67,352.45#CT    0.12  20.209   0.002   0.010   103.90     9.39   3.273 061
111224 085731.000,4604.9691,N,01312.9355,E,1.67,352.45#CT    0.12  20.209   0.002   0.010   103.90     9.39   3.237 061
111224 085732.000,4604.9694,N,01312.9366,E,1.57,357.04#CT    0.12  20.211   0.002   0.010   103.90     9.39   3.217 054
111224 085732.000,4604.9694,N,01312.9366,E,1.57,357.04#CT    0.12  20.211   0.002   0.010   103.90     9.39   3.219 056
111224 085733.000,4604.9688,N,01312.9396,E,0.55,357.04#CT    0.12  20.213   0.002   0.010   103.96     9.40   3.214 063
111224 085733.000,4604.9688,N,01312.9396,E,0.55,357.04#CT    0.12  20.213   0.002   0.010   103.96     9.40   3.214 063
111224 085734.000,4604.9686,N,01312.9399,E,0.50,357.04#CT    0.12  20.215   0.002   0.010   103.96     9.40   3.232 061
111224 085734.000,4604.9686,N,01312.9399,E,0.50,357.04#CT    0.12  20.216   0.002   0.010   103.96     9.40   3.241 058
111224 085735.000,4604.9685,N,01312.9410,E,0.56,357.04#CT    0.12  20.217   0.002   0.010   103.96     9.40   3.229 053
111224 085735.000,4604.9685,N,01312.9410,E,0.56,357.04#CT    0.12  20.218   0.002   0.010   104.08     9.41   3.226 052
111224 085736.000,4604.9684,N,01312.9408,E,0.60,326.03#CT    0.12  20.218   0.002   0.010   104.08     9.41   3.231 050
111224 085736.000,4604.9684,N,01312.9408,E,0.60,326.03#CT    0.12  20.220   0.002   0.010   104.08     9.41   3.228 049
111224 085737.000,4604.9686,N,01312.9416,E,0.93,34.07#CT    0.12  20.221   0.002   0.010   104.08     9.41   3.224 060
111224 085737.000,4604.9686,N,01312.9416,E,0.93,34.07#CT    0.12  20.224   0.002   0.010   104.08     9.41   3.221 060
111224 085738.000,4604.9695,N,01312.9433,E,2.43,50.11#CT    0.12  20.225   0.002   0.010   104.08     9.41   3.222 062
111224 085738.000,4604.9695,N,01312.9433,E,2.43,50.11#CT    0.12  20.226   0.002   0.010   104.08     9.41   3.221 062
111224 085739.000,4604.9705,N,01312.9456,E,4.18,51.19#CT    0.12  20.227   0.002   0.010   104.08     9.41   3.220 062
111224 085739.000,4604.9705,N,01312.9456,E,4.18,51.19#CT    0.12  20.229   0.002   0.010   104.08     9.41   3.220 048
111224 085740.000,4604.9712,N,01312.9460,E,3.53,41.15#CT    0.12  20.231   0.002   0.010   104.08     9.41   3.215 063
111224 085740.000,4604.9712,N,01312.9460,E,3.53,41.15#CT    0.12  20.232   0.002   0.010   103.96     9.39   3.198 053
111224 085741.000,4604.9714,N,01312.9454,E,2.23,55.15#CT    0.12  20.234   0.002   0.010   103.96     9.39   3.158 063
111224 085741.000,4604.9714,N,01312.9454,E,2.23,55.15#CT    0.12  20.234   0.002   0.010   103.96     9.39   3.182 056
111224 085742.000,4604.9716,N,01312.9438,E,1.57,29.74#CT    0.12  20.237   0.002   0.010   103.96     9.39   3.198 048
111224 085742.000,4604.9716,N,01312.9438,E,1.57,29.74#CT    0.12  20.238   0.002   0.010   103.96     9.39   3.185 051
111224 085743.000,4604.9715,N,01312.9447,E,2.14,54.70#CT    0.12  20.240   0.002   0.010   104.03     9.40   3.193 062
111224 085743.000,4604.9715,N,01312.9447,E,2.14,54.70#CT    0.12  20.241   0.002   0.010   104.03     9.40   3.201 055
111224 085743.000,4604.9715,N,01312.9447,E,2.14,54.70#CT    0.12  20.242   0.002   0.010   104.03     9.40   3.202 055
111224 085743.000,4604.9715,N,01312.9447,E,2.14,54.70#CT    0.12  20.242   0.002   0.010   104.03     9.40   3.199 054
111224 085745.000,4604.9706,N,01312.9417,E,0.27,52.74#CT    0.12  20.244   0.002   0.010   104.03     9.40   3.193 058
111224 085746.000,4604.9701,N,01312.9420,E,0.19,52.74#CT    0.12  20.244   0.002   0.010   103.93     9.39   3.207 052
111224 085746.000,4604.9701,N,01312.9420,E,0.19,52.74#CT    0.12  20.246   0.002   0.010   103.93     9.39   3.244 049
111224 085746.000,4604.9701,N,01312.9420,E,0.19,52.74#CT    0.12  20.247   0.002   0.010   103.93     9.39   3.247 051
111224 085747.000,4604.9700,N,01312.9421,E,0.16,52.74#CT    0.12  20.249   0.002   0.010   103.93     9.39   3.269 049
111224 085747.000,4604.9700,N,01312.9421,E,0.16,52.74#CT    0.12  20.251   0.002   0.010   103.93     9.39   3.265 052
111224 085748.000,4604.9701,N,01312.9407,E,0.95,293.04#CT    0.12  20.252   0.002   0.010   104.02     9.40   3.249 056
111224 085748.000,4604.9701,N,01312.9407,E,0.95,293.04#CT    0.12  20.253   0.002   0.010   104.02     9.40   3.245 053
111224 085749.000,4604.9702,N,01312.9398,E,0.69,275.84#CT    0.12  20.253   0.002   0.010   104.02     9.40   3.236 049
111224 085749.000,4604.9702,N,01312.9398,E,0.69,275.84#CT    0.12  20.253   0.002   0.010   104.02     9.40   3.239 062
111224 085750.000,4604.9706,N,01312.9380,E,1.16,289.97#CT    0.12  20.255   0.002   0.010   104.02     9.40   3.239 056
111224 085751.000,4604.9708,N,01312.9379,E,0.65,343.73#CT    0.12  20.255   0.002   0.010   103.92     9.39   3.232 051
111224 085751.000,4604.9708,N,01312.9379,E,0.65,343.73#CT    0.12  20.255   0.002   0.010   103.92     9.39   3.226 054
111224 085751.000,4604.9708,N,01312.9379,E,0.65,343.73#CT    0.13  20.257   0.002   0.010   103.92     9.39   3.223 048
111224 085752.000,4604.9710,N,01312.9358,E,0.67,292.79#CT    0.12  20.259   0.002   0.010   103.92     9.39   3.225 057
111224 085753.000,4604.9713,N,01312.9329,E,1.29,273.03#CT    0.12  20.259   0.002   0.010   103.92     9.39   3.225 057
111224 085753.000,4604.9713,N,01312.9329,E,1.29,273.03#CT    0.12  20.260   0.002   0.010   103.94     9.39   3.223 051
111224 085754.000,4604.9714,N,01312.9301,E,1.80,258.88#CT    0.12  20.261   0.002   0.010   103.94     9.39   3.222 051
111224 085754.000,4604.9714,N,01312.9301,E,1.80,258.88#CT    0.12  20.261   0.002   0.010   103.94     9.39   3.223 050
111224 085755.000,4604.9715,N,01312.9284,E,1.55,261.96#CT    0.12  20.262   0.002   0.010   103.94     9.39   3.222 048
111224 085755.000,4604.9715,N,01312.9284,E,1.55,261.96#CT    0.12  20.262   0.002   0.010   103.94     9.39   3.220 050
111224 085756.000,4604.9715,N,01312.9269,E,1.51,261.99#CT    0.12  20.264   0.002   0.010   104.08     9.40   3.219 050
111224 085756.000,4604.9715,N,01312.9269,E,1.51,261.99#CT    0.12  20.264   0.002   0.010   104.08     9.40   3.218 051
111224 085757.000,4604.9719,N,01312.9265,E,0.51,261.99#CT    0.12  20.265   0.002   0.010   104.08     9.40   3.218 050
111224 085757.000,4604.9719,N,01312.9265,E,0.51,261.99#CT    0.12  20.265   0.002   0.010   104.08     9.40   3.217 061
111224 085758.000,4604.9718,N,01312.9251,E,1.23,256.69#CT    0.12  20.268   0.002   0.010   104.08     9.40   3.217 048
111224 085758.000,4604.9718,N,01312.9251,E,1.23,256.69#CT    0.12  20.270   0.002   0.010   103.98     9.39   3.216 056
111224 085759.000,4604.9716,N,01312.9236,E,1.38,247.20#CT    0.12  20.272   0.002   0.010   103.98     9.39   3.215 057
111224 085759.000,4604.9716,N,01312.9236,E,1.38,247.20#CT    0.12  20.276   0.002   0.010   103.98     9.39   3.214 060
111224 085800.000,4604.9716,N,01312.9215,E,2.21,266.91#CT    0.12  20.278   0.002   0.010   103.98     9.39   3.216 048
111224 085800.000,4604.9716,N,01312.9215,E,2.21,266.91#CT    0.12  20.279   0.002   0.010   103.98     9.39   3.216 049
111224 085801.000,4604.9719,N,01312.9177,E,1.59,299.85#CT    0.12  20.282   0.002   0.010   104.01     9.39   3.213 055
111224 085801.000,4604.9719,N,01312.9177,E,1.59,299.85#CT    0.12  20.283   0.002   0.010   104.01     9.39   3.212 055
111224 085802.000,4604.9720,N,01312.9165,E,1.40,274.26#CT    0.12  20.284   0.002   0.010   104.01     9.39   3.211 051
111224 085802.000,4604.9720,N,01312.9165,E,1.40,274.26#CT    0.12  20.287   0.002   0.010   104.01     9.39   3.217 054
111224 085803.000,4604.9719,N,01312.9162,E,1.11,239.12#CT    0.12  20.288   0.002   0.010   104.01     9.39   3.218 054
111224 085803.000,4604.9719,N,01312.9162,E,1.11,239.12#CT    0.13  20.289   0.002   0.010   103.95     9.38   3.206 050
111224 085804.000,4604.9721,N,01312.9153,E,1.29,293.50#CT    0.12  20.290   0.002   0.010   103.95     9.38   3.213 063
111224 085804.000,4604.9721,N,01312.9153,E,1.29,293.50#CT    0.12  20.290   0.002   0.010   103.95     9.38   3.212 062
111224 085805.000,4604.9722,N,01312.9143,E,1.54,292.19#CT    0.12  20.291   0.002   0.010   103.95     9.38   3.208 052
111224 085805.000,4604.9722,N,01312.9143,E,1.54,292.19#CT    0.12  20.293   0.002   0.010   103.95     9.38   3.205 059
111224 085806.000,4604.9722,N,01312.9141,E,1.07,271.61#CT    0.12  20.294   0.002   0.010   104.00     9.39   3.206 053
111224 085806.000,4604.9722,N,01312.9141,E,1.07,271.61#CT    0.12  20.296   0.002   0.010   104.00     9.39   3.225 054
111224 085807.000,4604.9723,N,01312.9140,E,0.88,302.35#CT    0.12  20.297   0.002   0.010   104.00     9.39   3.258 061
111224 085807.000,4604.9723,N,01312.9140,E,0.88,302.35#CT    0.13  20.298   0.002   0.010   104.00     9.39   3.303 060
111224 085808.000,4604.9723,N,01312.9136,E,1.23,280.15#CT    0.12  20.300   0.002   0.010   104.00     9.39   3.276 062
111224 085808.000,4604.9723,N,01312.9136,E,1.23,280.15#CT    0.12  20.302   0.002   0.010   103.92     9.38   3.238 059
111224 085809.000,4604.9720,N,01312.9138,E,1.21,227.77#CT    0.12  20.304   0.002   0.010   103.92     9.38   3.193 063
111224 085809.000,4604.9720,N,01312.9138,E,1.21,227.77#CT    0.12  20.307   0.002   0.010   103.92     9.38   3.217 051
111224 085810.000,4604.9720,N,01312.9142,E,0.35,227.77#CT    0.12  20.309   0.002   0.010   103.92     9.38   3.211 059
111224 085810.000,4604.9720,N,01312.9142,E,0.35,227.77#CT    0.12  20.310   0.002   0.010   103.92     9.38   3.216 052
111224 085811.000,4604.9719,N,01312.9141,E,0.69,248.45#CT    0.12  20.312   0.002   0.010   103.96     9.38   3.212 054
111224 085811.000,4604.9719,N,01312.9141,E,0.69,248.45#CT    0.12  20.314   0.002   0.010   103.96     9.38   3.213 049
111224 085812.000,4604.9717,N,01312.9131,E,1.91,249.41#CT    0.12  20.316   0.002   0.010   103.96     9.38   3.221 050
111224 085812.000,4604.9717,N,01312.9131,E,1.91,249.41#CT    0.12  20.318   0.002   0.010   103.96     9.38   3.245 062
111224 085813.000,4604.9720,N,01312.9129,E,1.30,289.60#CT    0.12  20.320   0.002   0.010   103.96     9.38   3.230 055
111224 085813.000,4604.9720,N,01312.9129,E,1.30,289.60#CT    0.12  20.322   0.002   0.010   103.94     9.38   3.217 050
111224 085814.000,4604.9722,N,01312.9128,E,0.87,290.24#CT    0.12  20.325   0.002   0.010   103.94     9.38   3.212 048
111224 085814.000,4604.9722,N,01312.9128,E,0.87,290.24#CT    0.12  20.327   0.002   0.010   103.94     9.38   3.212 050
111224 085815.000,4604.9723,N,01312.9126,E,0.73,300.94#CT    0.12  20.328   0.002   0.010   103.94     9.38   3.211 062
111224 085815.000,4604.9723,N,01312.9126,E,0.73,300.94#CT    0.12  20.331   0.002   0.010   103.94     9.38   3.211 054
111224 085816.000,4604.9726,N,01312.9126,E,0.82,300.81#CT    0.12  20.332   0.002   0.010   103.96     9.38   3.211 055
111224 085816.000,4604.9726,N,01312.9126,E,0.82,300.81#CT    0.12  20.333   0.002   0.010   103.96     9.38   3.210 055
111224 085817.000,4604.9726,N,01312.9139,E,0.71,68.50#CT    0.12  20.336   0.002   0.010   103.96     9.38   3.210 050
111224 085817.000,4604.9726,N,01312.9139,E,0.71,68.50#CT    0.12  20.337   0.002   0.010   103.96     9.38   3.209 059
111224 085818.000,4604.9726,N,01312.9150,E,0.90,111.81#CT    0.12  20.339   0.002   0.010   103.96     9.38   3.209 053
111224 085818.000,4604.9726,N,01312.9150,E,0.90,111.81#CT    0.12  20.341   0.002   0.010   103.93     9.37   3.208 049
111224 085819.000,4604.9726,N,01312.9156,E,0.62,85.27#CT    0.12  20.343   0.002   0.010   103.93     9.37   3.207 060
111224 085819.000,4604.9726,N,01312.9156,E,0.62,85.27#CT    0.12  20.345   0.002   0.010   103.93     9.37   3.206 059
111224 085820.000,4604.9726,N,01312.9165,E,1.13,71.32#CT    0.12  20.346   0.002   0.010   103.93     9.37   3.205 059
111224 085820.000,4604.9726,N,01312.9165,E,1.13,71.32#CT    0.12  20.346   0.002   0.010   103.93     9.37   3.205 059
111224 085821.000,4604.9726,N,01312.9173,E,0.68,63.54#CT    0.12  20.347   0.002   0.010   103.89     9.37   3.204 048
111224 085821.000,4604.9726,N,01312.9173,E,0.68,63.54#CT    0.12  20.348   0.002   0.010   103.89     9.37   3.203 056
111224 085822.000,4604.9722,N,01312.9180,E,0.32,63.54#CT    0.12  20.349   0.002   0.010   103.89     9.37   3.203 057
111224 085822.000,4604.9722,N,01312.9180,E,0.32,63.54#CT    0.12  20.349   0.002   0.010   103.89     9.37   3.202 056
111224 085823.000,4604.9723,N,01312.9187,E,0.70,357.99#CT    0.12  20.351   0.002   0.010   103.89     9.37   3.201 050
111224 085824.000,4604.9722,N,01312.9188,E,0.71,312.93#CT    0.12  20.351   0.002   0.010   103.90     9.37   3.201 058
111224 085824.000,4604.9722,N,01312.9188,E,0.71,312.93#CT    0.12  20.351   0.002   0.010   103.90     9.37   3.200 059
111224 085824.000,4604.9722,N,01312.9188,E,0.71,312.93#CT    0.12  20.351   0.002   0.010   103.90     9.37   3.202 057
111224 085825.000,4604.9720,N,01312.9189,E,0.66,319.51#CT    0.12  20.352   0.002   0.010   103.90     9.37   3.200 056
111224 085826.000,4604.9719,N,01312.9188,E,1.19,319.51#CT    0.12  20.352   0.002   0.010   103.90     9.37   3.199 059
111224 085826.000,4604.9719,N,01312.9188,E,1.19,319.51#CT    0.12  20.353   0.002   0.010   103.87     9.36   3.197 051
111224 085827.000,4604.9715,N,01312.9188,E,1.25,319.51#CT    0.12  20.354   0.002   0.010   103.87     9.36   3.196 053
111224 085827.000,4604.9715,N,01312.9188,E,1.25,319.51#CT    0.12  20.354   0.002   0.010   103.87     9.36   3.195 054
111224 085828.000,4604.9716,N,01312.9189,E,1.07,319.51#CT    0.12  20.354   0.002   0.010   103.87     9.36   3.194 055
111224 085828.000,4604.9716,N,01312.9189,E,1.07,319.51#CT    0.12  20.354   0.002   0.010   103.87     9.36   3.194 055
111224 085829.000,4604.9714,N,01312.9183,E,1.10,319.51#CT    0.12  20.354   0.002   0.010   104.05     9.38   3.192 050
111224 085829.000,4604.9714,N,01312.9183,E,1.10,319.51#CT    0.12  20.356   0.002   0.010   104.05     9.38   3.187 052
111224 085830.000,4604.9713,N,01312.9180,E,0.71,319.51#CT    0.12  20.355   0.002   0.010   104.05     9.38   3.191 048
111224 085830.000,4604.9713,N,01312.9180,E,0.71,319.51#CT    0.12  20.356   0.002   0.010   104.05     9.38   3.203 059
111224 085831.000,4604.9716,N,01312.9180,E,0.86,319.51#CT    0.12  20.357   0.002   0.010   104.05     9.38   3.205 060
111224 085831.000,4604.9716,N,01312.9180,E,0.86,319.51#CT    0.12  20.357   0.002   0.010   103.88     9.36   3.208 061
111224 085832.000,4604.9715,N,01312.9179,E,0.52,319.51#CT    0.13  20.358   0.002   0.010   103.88     9.36   3.227 062
111224 085832.000,4604.9715,N,01312.9179,E,0.52,319.51#CT    0.12  20.359   0.002   0.010   103.88     9.36   3.215 063
111224 085833.000,4604.9715,N,01312.9178,E,0.32,319.51#CT    0.12  20.359   0.002   0.010   103.88     9.36   3.200 059
111224 085833.000,4604.9715,N,01312.9178,E,0.32,319.51#CT    0.12  20.360   0.002   0.010   103.88     9.36   3.199 050
111224 085834.000,4604.9710,N,01312.9185,E,0.34,319.51#CT    0.12  20.359   0.002   0.010   103.99     9.37   3.195 053
111224 085834.000,4604.9710,N,01312.9185,E,0.34,319.51#CT    0.12  20.360   0.002   0.010   103.99     9.37   3.190 058
111224 085835.000,4604.9709,N,01312.9186,E,0.39,319.51#CT    0.12  20.361   0.002   0.010   103.99     9.37   3.231 051
111224 085835.000,4604.9709,N,01312.9186,E,0.39,319.51#CT    0.13  20.361   0.002   0.010   103.99     9.37   3.301 048
111224 085836.000,4604.9709,N,01312.9184,E,0.86,319.51#CT    0.12  20.362   0.002   0.010   103.99     9.37   3.354 050
111224 085836.000,4604.9709,N,01312.9184,E,0.86,319.51#CT    0.12  20.362   0.002   0.010   103.88     9.36   3.302 048
111224 085837.000,4604.9709,N,01312.9186,E,0.66,319.51#CT    0.12  20.362   0.002   0.010   103.88     9.36   3.363 055
111224 085837.000,4604.9709,N,01312.9186,E,0.66,319.51#CT    0.13  20.363   0.002   0.010   103.88     9.36   3.275 049
111224 085838.000,4604.9707,N,01312.9179,E,1.61,319.51#CT    0.13  20.363   0.002   0.010   103.88     9.36   3.239 057
111224 085838.000,4604.9707,N,01312.9179,E,1.61,319.51#CT    0.13  20.364   0.002   0.010   103.88     9.36   3.228 062
111224 085839.000,4604.9704,N,01312.9185,E,1.31,319.51#CT    0.13  20.366   0.002   0.010   103.90     9.36   3.232 062
111224 085839.000,4604.9704,N,01312.9185,E,1.31,319.51#CT    0.13  20.369   0.002   0.010   103.90     9.36   3.233 048
111224 085840.000,4604.9700,N,01312.9188,E,0.95,319.51#CT    0.12  20.371   0.002   0.010   103.90     9.36   3.242 062
111224 085840.000,4604.9700,N,01312.9188,E,0.95,319.51#CT    0.12  20.372   0.002   0.010   103.90     9.36   3.236 062
111224 085841.000,4604.9703,N,01312.9199,E,1.13,319.51#CT    0.13  20.374   0.002   0.010   103.90     9.36   3.221 063
111224 085841.000,4604.9703,N,01312.9199,E,1.13,319.51#CT    0.13  20.376   0.002   0.010   103.86     9.36   3.221 058
111224 085842.000,4604.9698,N,01312.9213,E,0.73,319.51#CT    0.12  20.376   0.002   0.010   103.86     9.36   3.216 063
111224 085842.000,4604.9698,N,01312.9213,E,0.73,319.51#CT    0.12  20.377   0.002   0.010   103.86     9.36   3.203 058
111224 085843.000,4604.9690,N,01312.9227,E,0.67,319.51#CT    0.13  20.377   0.002   0.010   103.86     9.36   3.195 055
111224 085843.000,4604.9690,N,01312.9227,E,0.67,319.51#CT    0.12  20.377   0.002   0.010   103.86     9.36   3.189 059
111224 085844.000,4604.9683,N,01312.9233,E,0.83,319.51#CT    0.12  20.375   0.002   0.010   103.86     9.36   3.184 052
111224 085844.000,4604.9683,N,01312.9233,E,0.83,319.51#CT    0.12  20.374   0.002   0.010   103.86     9.36   3.202 056
111224 085845.000,4604.9679,N,01312.9241,E,0.58,319.51#CT    0.12  20.374   0.002   0.010   103.86     9.36   3.358 054
111224 085845.000,4604.9679,N,01312.9241,E,0.58,319.51#CT    0.12  20.374   0.002   0.010   103.86     9.36   3.802 050
111224 085846.000,4604.9675,N,01312.9245,E,0.92,319.51#CT    0.12  20.373   0.002   0.010   103.86     9.36   5.848 061
111224 085846.000,4604.9675,N,01312.9245,E,0.92,319.51#CT    0.12  20.372   0.002   0.010   103.78     9.35  13.392 037
111224 085847.000,4604.9670,N,01312.9257,E,0.88,319.51#CT    0.13  20.372   0.002   0.010   103.78     9.35  14.000 043
111224 085847.000,4604.9670,N,01312.9257,E,0.88,319.51#CT    0.12  20.371   0.002   0.010   103.78     9.35  14.000 041
111224 085848.000,4604.9666,N,01312.9262,E,0.84,319.51#CT    0.12  20.370   0.002   0.010   103.78     9.35  14.000 040
111224 085848.000,4604.9666,N,01312.9262,E,0.84,319.51#CT    0.12  20.370   0.002   0.010   103.78     9.35  14.000 040
111224 085849.000,4604.9663,N,01312.9261,E,0.92,319.51#CT    0.12  20.370   0.002   0.010   103.85     9.36  14.000 041
111224 085849.000,4604.9663,N,01312.9261,E,0.92,319.51#CT    0.12  20.370   0.002   0.010   103.85     9.36  14.000 041
111224 085850.000,4604.9661,N,01312.9266,E,0.67,319.51#CT    0.12  20.369   0.002   0.010   103.85     9.36  14.000 033
111224 085850.000,4604.9661,N,01312.9266,E,0.67,319.51#CT    0.12  20.369   0.002   0.010   103.85     9.36  14.000 033
111224 085851.000,4604.9658,N,01312.9272,E,0.37,319.51#CT    0.12  20.368   0.002   0.010   103.85     9.36  14.000 032
111224 085852.000,4604.9657,N,01312.9272,E,0.43,319.51#CT    0.12  20.368   0.002   0.010   103.92     9.36  14.000 038
111224 085852.000,4604.9657,N,01312.9272,E,0.43,319.51#CT    0.12  20.368   0.002   0.010   103.92     9.36  14.000 038
111224 085852.000,4604.9657,N,01312.9272,E,0.43,319.51#CT    0.12  20.367   0.002   0.010   103.92     9.36  14.000 041
111224 085853.000,4604.9654,N,01312.9280,E,0.10,319.51#CT    0.12  20.368   0.002   0.010   103.92     9.36  14.000 038
111224 085853.000,4604.9654,N,01312.9280,E,0.10,319.51#CT    0.12  20.368   0.002   0.010   103.92     9.36  14.000 038
111224 085854.000,4604.9654,N,01312.9285,E,0.44,319.51#CT    0.12  20.369   0.002   0.010   103.89     9.36  14.000 045
111224 085854.000,4604.9654,N,01312.9285,E,0.44,319.51#CT    0.12  20.369   0.002   0.010   103.89     9.36  13.897 044
111224 085855.000,4604.9654,N,01312.9283,E,0.48,319.51#CT    0.12  20.370   0.002   0.010   103.89     9.36  13.790 044
111224 085855.000,4604.9654,N,01312.9283,E,0.48,319.51#CT    0.12  20.370   0.002   0.010   103.89     9.36  13.715 033
111224 085856.000,4604.9654,N,01312.9287,E,0.28,319.51#CT    0.12  20.368   0.002   0.010   103.89     9.36  13.634 042
111224 085857.000,4604.9653,N,01312.9287,E,0.31,319.51#CT    0.12  20.368   0.002   0.010   103.86     9.36  13.360 033
111224 085857.000,4604.9653,N,01312.9287,E,0.31,319.51#CT    0.12  20.368   0.002   0.010   103.86     9.36  12.884 033
111224 085858.000,4604.9654,N,01312.9277,E,1.63,319.51#CT    0.12  20.369   0.002   0.010   103.86     9.36  12.563 036
111224 085858.000,4604.9654,N,01312.9277,E,1.63,319.51#CT    0.12  20.369   0.002   0.010   103.86     9.36  12.613 032
111224 085859.000,4604.9654,N,01312.9277,E,0.08,319.51#CT    0.12  20.368   0.002   0.010   103.86     9.36  12.051 033
111224 085859.000,4604.9654,N,01312.9277,E,0.08,319.51#CT    0.13  20.368   0.002   0.010   103.84     9.36  10.000 036
111224 085900.000,4604.9656,N,01312.9267,E,0.15,319.51#CT    0.12  20.367   0.002   0.010   103.84     9.36  10.292 035
111224 085900.000,4604.9656,N,01312.9267,E,0.15,319.51#CT    0.13  20.366   0.002   0.010   103.84     9.36  10.869 045
111224 085901.000,4604.9657,N,01312.9266,E,0.06,319.51#CT    0.12  20.366   0.002   0.010   103.84     9.36  10.951 038
111224 085901.000,4604.9657,N,01312.9266,E,0.06,319.51#CT    0.12  20.366   0.002   0.010   103.84     9.36  10.928 040
111224 085902.000,4604.9663,N,01312.9255,E,0.13,319.51#CT    0.13  20.365   0.002   0.010   103.89     9.36  10.854 045
111224 085902.000,4604.9663,N,01312.9255,E,0.13,319.51#CT    0.13  20.365   0.002   0.010   103.89     9.36  10.779 045
111224 085903.000,4604.9666,N,01312.9243,E,0.19,319.51#CT    0.12  20.366   0.002   0.010   103.89     9.36  10.694 045
111224 085903.000,4604.9666,N,01312.9243,E,0.19,319.51#CT    0.12  20.367   0.002   0.010   103.89     9.36  10.577 034
111224 085904.000,4604.9664,N,01312.9241,E,0.13,319.51#CT    0.13  20.366   0.002   0.010   103.89     9.36  10.480 043
111224 085904.000,4604.9664,N,01312.9241,E,0.13,319.51#CT    0.13  20.366   0.002   0.010   103.90     9.36  10.411 043
111224 085905.000,4604.9666,N,01312.9241,E,0.05,319.51#CT    0.13  20.366   0.002   0.010   103.90     9.36  10.370 043
111224 085905.000,4604.9666,N,01312.9241,E,0.05,319.51#CT    0.13  20.366   0.002   0.010   103.90     9.36  10.386 034
111224 085906.000,4604.9673,N,01312.9232,E,0.12,319.51#CT    0.13  20.366   0.002   0.010   103.90     9.36  10.287 034
111224 085906.000,4604.9673,N,01312.9232,E,0.12,319.51#CT    0.12  20.365   0.002   0.010   103.90     9.36  10.227 042
111224 085907.000,4604.9676,N,01312.9229,E,0.09,319.51#CT    0.12  20.366   0.002   0.010   103.86     9.36  10.326 046
111224 085907.000,4604.9676,N,01312.9229,E,0.09,319.51#CT    0.12  20.366   0.002   0.010   103.86     9.36  10.290 034
111224 085908.000,4604.9678,N,01312.9225,E,0.08,319.51#CT    0.13  20.365   0.002   0.010   103.86     9.36  10.238 034
111224 085908.000,4604.9678,N,01312.9225,E,0.08,319.51#CT    0.13  20.364   0.002   0.010   103.86     9.36  10.187 036
111224 085909.000,4604.9677,N,01312.9220,E,0.11,319.51#CT    0.13  20.365   0.002   0.010   103.86     9.36  10.133 042
111224 085909.000,4604.9677,N,01312.9220,E,0.11,319.51#CT    0.13  20.364   0.002   0.010   104.05     9.38  10.070 047
111224 085910.000,4604.9675,N,01312.9220,E,0.12,319.51#CT    0.12  20.363   0.002   0.010   104.05     9.38  10.019 038
111224 085910.000,4604.9675,N,01312.9220,E,0.12,319.51#CT    0.12  20.363   0.002   0.010   104.05     9.38  10.015 042
111224 085911.000,4604.9675,N,01312.9222,E,0.07,319.51#CT    0.12  20.363   0.002   0.010   104.05     9.38  10.013 044
111224 085911.000,4604.9675,N,01312.9222,E,0.07,319.51#CT    0.12  20.363   0.002   0.010   104.05     9.38   9.994 050
111224 085912.000,4604.9672,N,01312.9214,E,0.19,319.51#CT    0.13  20.362   0.002   0.010   104.02     9.37   9.917 049
111224 085912.000,4604.9672,N,01312.9214,E,0.19,319.51#CT    0.12  20.363   0.002   0.010   104.02     9.37   9.842 048
111224 085913.000,4604.9673,N,01312.9216,E,0.09,319.51#CT    0.12  20.363   0.002   0.010   104.02     9.37   9.802 052
111224 085913.000,4604.9673,N,01312.9216,E,0.09,319.51#CT    0.12  20.362   0.002   0.010   104.02     9.37   9.771 062
111224 085914.000,4604.9672,N,01312.9216,E,0.08,319.51#CT    0.12  20.362   0.002   0.010   104.02     9.37   9.721 059
111224 085914.000,4604.9672,N,01312.9216,E,0.08,319.51#CT    0.13  20.361   0.002   0.010   103.96     9.37   9.708 056
111224 085915.000,4604.9670,N,01312.9215,E,0.12,319.51#CT    0.12  20.361   0.002   0.010   103.96     9.37   9.680 056
111224 085915.000,4604.9670,N,01312.9215,E,0.12,319.51#CT    0.12  20.361   0.002   0.010   103.96     9.37   9.631 050
111224 085916.000,4604.9672,N,01312.9211,E,0.08,319.51#CT    0.12  20.361   0.002   0.010   103.96     9.37   9.599 051
111224 085916.000,4604