220125 153343.000,4604.9630,N,01312.9296,E,0.13,33.90#CT   -0.00  13.162   0.332   0.208    94.74     6.99   7.622 034
220125 153344.000,4604.9631,N,01312.9295,E,0.17,33.90#CT   -0.00  13.163   0.332   0.208    94.74     6.99   7.653 037
220125 153344.000,4604.9631,N,01312.9295,E,0.17,33.90#CT   -0.00  13.164   0.332   0.208    94.74     6.99   7.673 032
220125 153345.000,4604.9631,N,01312.9296,E,0.22,33.90#CT   -0.00  13.165   0.332   0.208    94.74     6.99   7.679 043
220125 153345.000,4604.9631,N,01312.9296,E,0.22,33.90#CT   -0.00  13.164   0.332   0.208    94.74     6.99   7.683 047
220125 153346.000,4604.9631,N,01312.9295,E,0.25,33.90#CT   -0.00  13.164   0.332   0.208   101.08    10.59   7.686 039
220125 153346.000,4604.9631,N,01312.9295,E,0.25,33.90#CT   -0.00  13.165   0.332   0.208   101.08    10.59   7.689 041
220125 153347.000,4604.9631,N,01312.9296,E,0.23,33.90#CT   -0.00  13.165   0.332   0.208   101.08    10.59   7.693 034
220125 153347.000,4604.9631,N,01312.9296,E,0.23,33.90#CT   -0.00  13.165   0.332   0.208   101.08    10.59   7.696 039
220125 153348.000,4604.9632,N,01312.9296,E,0.29,33.90#CT   -0.00  13.165   0.332   0.208   101.08    10.59   7.699 040
220125 153348.000,4604.9632,N,01312.9296,E,0.29,33.90#CT   -0.00  13.166   0.332   0.208   101.04    10.58   7.701 038
220125 153349.000,4604.9631,N,01312.9295,E,0.18,33.90#CT   -0.00  13.165   0.332   0.208   101.04    10.58   7.704 032
220125 153349.000,4604.9631,N,01312.9295,E,0.18,33.90#CT   -0.00  13.165   0.332   0.208   101.04    10.58   7.706 034
220125 153350.000,4604.9632,N,01312.9295,E,0.17,33.90#CT   -0.00  13.165   0.332   0.208   101.04    10.58   7.709 045
220125 153350.000,4604.9632,N,01312.9295,E,0.17,33.90#CT   -0.00  13.166   0.332   0.208   101.04    10.58   7.711 039
220125 153351.000,4604.9632,N,01312.9294,E,0.17,33.90#CT   -0.00  13.166   0.332   0.208   100.84    10.56   7.715 036
220125 153351.000,4604.9632,N,01312.9294,E,0.17,33.90#CT   -0.00  13.166   0.332   0.208   100.84    10.56   7.718 041
220125 153352.000,4604.9632,N,01312.9294,E,0.12,33.90#CT   -0.00  13.167   0.332   0.208   100.84    10.56   7.719 041
220125 153352.000,4604.9632,N,01312.9294,E,0.12,33.90#CT   -0.00  13.166   0.332   0.208   100.84    10.56   7.720 034
220125 153353.000,4604.9632,N,01312.9293,E,0.08,33.90#CT   -0.00  13.167   0.332   0.208   100.84    10.56   7.723 032
220125 153353.000,4604.9632,N,01312.9293,E,0.08,33.90#CT   -0.00  13.167   0.332   0.208   100.94    10.57   7.725 038
220125 153354.000,4604.9632,N,01312.9293,E,0.27,33.90#CT   -0.00  13.167   0.332   0.208   100.94    10.57   7.727 036
220125 153354.000,4604.9632,N,01312.9293,E,0.27,33.90#CT   -0.00  13.167   0.332   0.208   100.94    10.57   7.728 043
220125 153355.000,4604.9632,N,01312.9293,E,0.06,33.90#CT   -0.00  13.167   0.332   0.208   100.94    10.57   7.730 034
220125 153355.000,4604.9632,N,01312.9293,E,0.06,33.90#CT   -0.00  13.167   0.332   0.208   100.94    10.57   7.733 033
220125 153356.000,4604.9632,N,01312.9293,E,0.42,33.90#CT   -0.00  13.168   0.332   0.208   101.02    10.58   7.735 041
220125 153356.000,4604.9632,N,01312.9293,E,0.42,33.90#CT   -0.00  13.167   0.332   0.208   101.02    10.58   7.737 036
220125 153357.000,4604.9632,N,01312.9293,E,0.17,33.90#CT   -0.00  13.166   0.332   0.208   101.02    10.58   7.738 042
220125 153357.000,4604.9632,N,01312.9293,E,0.17,33.90#CT   -0.00  13.167   0.332   0.208   101.02    10.58   7.740 036
220125 153358.000,4604.9631,N,01312.9294,E,0.25,33.90#CT   -0.00  13.168   0.332   0.208   101.02    10.58   7.742 041
220125 153359.000,4604.9631,N,01312.9295,E,0.25,33.90#CT   -0.00  13.168   0.332   0.208   100.99    10.57   7.744 035
220125 153359.000,4604.9631,N,01312.9295,E,0.25,33.90#CT   -0.00  13.168   0.332   0.208   100.99    10.57   7.746 033
220125 153359.000,4604.9631,N,01312.9295,E,0.25,33.90#CT   -0.00  13.168   0.332   0.208   100.99    10.57   7.747 032
220125 153400.000,4604.9631,N,01312.9295,E,0.28,33.90#CT   -0.00  13.168   0.332   0.208   100.99    10.57   7.749 046
220125 153400.000,4604.9631,N,01312.9295,E,0.28,33.90#CT   -0.00  13.168   0.332   0.208   100.99    10.57   7.750 038
220125 153401.000,4604.9632,N,01312.9294,E,0.12,33.90#CT   -0.00  13.168   0.332   0.208   101.01    10.58   7.751 040
220125 153401.000,4604.9632,N,01312.9294,E,0.12,33.90#CT   -0.00  13.168   0.332   0.208   101.01    10.58   7.753 042
220125 153402.000,4604.9632,N,01312.9293,E,0.12,33.90#CT   -0.00  13.168   0.332   0.208   101.01    10.58   7.755 044
220125 153403.000,4604.9632,N,01312.9293,E,0.01,33.90#CT   -0.00  13.169   0.332   0.208   101.01    10.58   7.756 046
220125 153403.000,4604.9632,N,01312.9293,E,0.01,33.90#CT   -0.00  13.169   0.332   0.208   101.01    10.58   7.758 032
220125 153404.000,4604.9632,N,01312.9293,E,0.04,33.90#CT   -0.00  13.169   0.332   0.208   100.98    10.57   7.759 047
220125 153404.000,4604.9632,N,01312.9293,E,0.04,33.90#CT   -0.00  13.169   0.332   0.208   100.98    10.57   7.760 037
220125 153405.000,4604.9632,N,01312.9293,E,0.13,33.90#CT   -0.00  13.169   0.332   0.208   100.98    10.57   7.761 036
220125 153405.000,4604.9632,N,01312.9293,E,0.13,33.90#CT   -0.00  13.170   0.332   0.208   100.98    10.57   7.762 047
220125 153406.000,4604.9633,N,01312.9293,E,0.31,33.90#CT   -0.00  13.170   0.332   0.208   100.98    10.57   7.763 046
220125 153406.000,4604.9633,N,01312.9293,E,0.31,33.90#CT   -0.00  13.169   0.332   0.208   100.95    10.57   7.765 045
220125 153407.000,4604.9633,N,01312.9293,E,0.25,33.90#CT   -0.00  13.169   0.332   0.208   100.95    10.57   7.766 046
220125 153407.000,4604.9633,N,01312.9293,E,0.25,33.90#CT   -0.00  13.170   0.332   0.208   100.95    10.57   7.768 040
220125 153408.000,4604.9634,N,01312.9293,E,0.25,33.90#CT   -0.00  13.169   0.333   0.208   100.95    10.57   7.769 032
220125 153408.000,4604.9634,N,01312.9293,E,0.25,33.90#CT   -0.00  13.169   0.333   0.208   100.95    10.57   7.771 041
220125 153409.000,4604.9634,N,01312.9292,E,0.16,33.90#CT   -0.00  13.170   0.333   0.208   100.97    10.57   7.771 035
220125 153409.000,4604.9634,N,01312.9292,E,0.16,33.90#CT   -0.00  13.170   0.333   0.208   100.97    10.57   7.773 033
220125 153410.000,4604.9635,N,01312.9292,E,0.17,33.90#CT   -0.00  13.170   0.333   0.208   100.97    10.57   7.773 033
220125 153410.000,4604.9635,N,01312.9292,E,0.17,33.90#CT   -0.00  13.170   0.333   0.208   100.97    10.57   7.774 038
220125 153411.000,4604.9635,N,01312.9292,E,0.35,33.90#CT   -0.00  13.169   0.333   0.208   100.97    10.57   7.776 044
220125 153411.000,4604.9635,N,01312.9292,E,0.35,33.90#CT   -0.00  13.170   0.333   0.208   100.86    10.56   7.777 036
220125 153412.000,4604.9635,N,01312.9292,E,0.36,33.90#CT   -0.00  13.171   0.333   0.208   100.86    10.56   7.778 042
220125 153412.000,4604.9635,N,01312.9292,E,0.36,33.90#CT   -0.00  13.171   0.333   0.208   100.86    10.56   7.779 043
220125 153413.000,4604.9636,N,01312.9291,E,0.42,33.90#CT   -0.00  13.171   0.333   0.208   100.86    10.56   7.780 045
220125 153413.000,4604.9636,N,01312.9291,E,0.42,33.90#CT   -0.00  13.171   0.333   0.208   100.86    10.56   7.781 044
220125 153414.000,4604.9636,N,01312.9291,E,0.44,33.90#CT   -0.00  13.171   0.333   0.208   101.01    10.58   7.782 047
220125 153414.000,4604.9636,N,01312.9291,E,0.44,33.90#CT   -0.00  13.172   0.333   0.208   101.01    10.58   7.783 045
220125 153415.000,4604.9637,N,01312.9291,E,0.14,33.90#CT   -0.00  13.172   0.333   0.208   101.01    10.58   7.784 042
220125 153415.000,4604.9637,N,01312.9291,E,0.14,33.90#CT   -0.00  13.172   0.333   0.208   101.01    10.58   7.785 043
220125 153416.000,4604.9637,N,01312.9291,E,0.20,33.90#CT   -0.00  13.172   0.333   0.208   101.01    10.58   7.786 040
220125 153416.000,4604.9637,N,01312.9291,E,0.20,33.90#CT   -0.00  13.172   0.333   0.208   100.92    10.57   7.787 045
220125 153417.000,4604.9638,N,01312.9290,E,0.32,33.90#CT   -0.00  13.172   0.333   0.208   100.92    10.57   7.787 045
220125 153417.000,4604.9638,N,01312.9290,E,0.32,33.90#CT   -0.00  13.172   0.333   0.208   100.92    10.57   7.788 034
220125 153418.000,4604.9638,N,01312.9289,E,0.25,33.90#CT   -0.00  13.172   0.333   0.208   100.92    10.57   7.789 035
220125 153418.000,4604.9638,N,01312.9289,E,0.25,33.90#CT   -0.00  13.171   0.333   0.208   100.92    10.57   7.790 040
220125 153419.000,4604.9637,N,01312.9288,E,0.13,33.90#CT   -0.00  13.172   0.333   0.208   100.95    10.57   7.791 045
220125 153419.000,4604.9637,N,01312.9288,E,0.13,33.90#CT   -0.00  13.173   0.333   0.208   100.95    10.57   7.792 047
220125 153420.000,4604.9637,N,01312.9287,E,0.27,33.90#CT   -0.00  13.173   0.333   0.208   100.95    10.57   7.793 046
220125 153420.000,4604.9637,N,01312.9287,E,0.27,33.90#CT   -0.00  13.173   0.333   0.208   100.95    10.57   7.793 046
220125 153421.000,4604.9635,N,01312.9282,E,0.70,234.38#CT   -0.00  13.173   0.333   0.208   100.95    10.57   7.794 041
220125 153421.000,4604.9635,N,01312.9282,E,0.70,234.38#CT   -0.00  13.173   0.333   0.208   100.96    10.57   7.795 043
220125 153422.000,4604.9635,N,01312.9280,E,0.51,234.38#CT   -0.00  13.173   0.333   0.208   100.96    10.57   7.796 040
220125 153422.000,4604.9635,N,01312.9280,E,0.51,234.38#CT   -0.00  13.174   0.333   0.208   100.96    10.57   7.797 046
220125 153423.000,4604.9635,N,01312.9281,E,0.31,234.38#CT   -0.00  13.174   0.333   0.208   100.96    10.57   7.797 046
220125 153423.000,4604.9635,N,01312.9281,E,0.31,234.38#CT   -0.00  13.174   0.333   0.208   100.96    10.57   7.798 033
220125 153424.000,4604.9636,N,01312.9283,E,0.35,234.38#CT   -0.00  13.173   0.333   0.208   100.90    10.56   7.799 032
220125 153424.000,4604.9636,N,01312.9283,E,0.35,234.38#CT   -0.00  13.173   0.333   0.208   100.90    10.56   7.800 047
220125 153425.000,4604.9636,N,01312.9283,E,0.08,234.38#CT   -0.00  13.173   0.333   0.208   100.90    10.56   7.801 046
220125 153425.000,4604.9636,N,01312.9283,E,0.08,234.38#CT   -0.00  13.174   0.333   0.208   100.90    10.56   7.801 041
220125 153426.000,4604.9637,N,01312.9285,E,0.12,234.38#CT   -0.00  13.174   0.333   0.208   100.90    10.56   7.802 042
220125 153426.000,4604.9637,N,01312.9285,E,0.12,234.38#CT   -0.00  13.174   0.333   0.208   100.82    10.55   7.803 043
220125 153427.000,4604.9636,N,01312.9286,E,0.23,234.38#CT   -0.00  13.175   0.333   0.208   100.82    10.55   7.803 042
220125 153427.000,4604.9636,N,01312.9286,E,0.23,234.38#CT   -0.00  13.175   0.333   0.208   100.82    10.55   7.804 045
220125 153428.000,4604.9637,N,01312.9286,E,0.24,234.38#CT   -0.00  13.174   0.333   0.208   100.82    10.55   7.805 045
220125 153428.000,4604.9637,N,01312.9286,E,0.24,234.38#CT   -0.00  13.175   0.333   0.208   100.82    10.55   7.805 044
220125 153429.000,4604.9636,N,01312.9287,E,0.18,234.38#CT   -0.00  13.174   0.333   0.208   100.85    10.56   7.806 042
220125 153429.000,4604.9636,N,01312.9287,E,0.18,234.38#CT   -0.00  13.174   0.333   0.208   100.85    10.56   7.807 043
220125 153430.000,4604.9636,N,01312.9287,E,0.11,234.38#CT   -0.00  13.175   0.333   0.208   100.85    10.56   7.808 037
220125 153430.000,4604.9636,N,01312.9287,E,0.11,234.38#CT   -0.00  13.176   0.333   0.208   100.85    10.56   7.808 038
220125 153431.000,4604.9637,N,01312.9287,E,0.41,234.38#CT   -0.00  13.176   0.333   0.208   100.85    10.56   7.809 039
220125 153432.000,4604.9636,N,01312.9285,E,0.42,234.38#CT   -0.00  13.176   0.333   0.208   101.04    10.58   7.809 033
220125 153432.000,4604.9636,N,01312.9285,E,0.42,234.38#CT   -0.00  13.176   0.333   0.208   101.04    10.58   7.810 041
220125 153432.000,4604.9636,N,01312.9285,E,0.42,234.38#CT   -0.00  13.176   0.333   0.208   101.04    10.58   7.811 040
220125 153433.000,4604.9636,N,01312.9285,E,0.19,234.38#CT   -0.00  13.176   0.333   0.208   101.04    10.58   7.811 040
220125 153433.000,4604.9636,N,01312.9285,E,0.19,234.38#CT   -0.00  13.176   0.333   0.208   101.04    10.58   7.812 043
220125 153434.000,4604.9635,N,01312.9284,E,0.24,234.38#CT   -0.00  13.175   0.333   0.208   100.96    10.57   7.812 045
220125 153434.000,4604.9635,N,01312.9284,E,0.24,234.38#CT   -0.00  13.176   0.333   0.208   100.96    10.57   7.813 047
220125 153435.000,4604.9634,N,01312.9284,E,0.28,234.38#CT   -0.00  13.177   0.333   0.208   100.96    10.57   7.814 041
220125 153436.000,4604.9635,N,01312.9283,E,0.29,234.38#CT   -0.00  13.176   0.333   0.208   100.96    10.57   7.814 040
220125 153436.000,4604.9635,N,01312.9283,E,0.29,234.38#CT   -0.00  13.176   0.333   0.208   100.96    10.57   7.815 041
220125 153437.000,4604.9634,N,01312.9282,E,0.39,234.38#CT   -0.00  13.177   0.333   0.208   101.04    10.58   7.815 045
220125 153437.000,4604.9634,N,01312.9282,E,0.39,234.38#CT   -0.00  13.177   0.333   0.208   101.04    10.58   7.816 046
220125 153438.000,4604.9634,N,01312.9282,E,0.24,234.38#CT   -0.00  13.177   0.333   0.208   101.04    10.58   7.816 046
220125 153438.000,4604.9634,N,01312.9282,E,0.24,234.38#CT   -0.00  13.177   0.333   0.208   101.04    10.58   7.817 047
220125 153439.000,4604.9633,N,01312.9283,E,0.33,234.38#CT   -0.00  13.176   0.333   0.208   101.04    10.58   7.818 033
220125 153439.000,4604.9633,N,01312.9283,E,0.33,234.38#CT   -0.00  13.177   0.333   0.208   100.97    10.57   7.818 036
220125 153440.000,4604.9632,N,01312.9283,E,0.64,170.01#CT   -0.00  13.178   0.333   0.208   100.97    10.57   7.819 042
220125 153440.000,4604.9632,N,01312.9283,E,0.64,170.01#CT   -0.00  13.177   0.333   0.208   100.97    10.57   7.819 037
220125 153441.000,4604.9631,N,01312.9283,E,0.35,170.01#CT   -0.00  13.177   0.333   0.208   100.97    10.57   7.820 047
220125 153441.000,4604.9631,N,01312.9283,E,0.35,170.01#CT   -0.00  13.177   0.333   0.208   100.97    10.57   7.820 047
220125 153442.000,4604.9631,N,01312.9283,E,0.24,170.01#CT   -0.00  13.178   0.333   0.208   100.99    10.57   7.821 047
220125 153442.000,4604.9631,N,01312.9283,E,0.24,170.01#CT   -0.00  13.178   0.333   0.208   100.99    10.57   7.821 047
220125 153443.000,4604.9632,N,01312.9283,E,0.06,170.01#CT   -0.00  13.179   0.333   0.208   100.99    10.57   7.822 045
220125 153443.000,4604.9632,N,01312.9283,E,0.06,170.01#CT   -0.00  13.178   0.333   0.208   100.99    10.57   7.822 044
220125 153444.000,4604.9631,N,01312.9283,E,0.18,170.01#CT   -0.00  13.179   0.333   0.208   100.99    10.57   7.823 044
220125 153444.000,4604.9631,N,01312.9283,E,0.18,170.01#CT   -0.00  13.179   0.333   0.208   101.03    10.58   7.823 033
220125 153445.000,4604.9630,N,01312.9284,E,0.36,170.01#CT   -0.00  13.179   0.333   0.208   101.03    10.58   7.823 033
220125 153445.000,4604.9630,N,01312.9284,E,0.36,170.01#CT   -0.00  13.179   0.333   0.208   101.03    10.58   7.824 038
220125 153446.000,4604.9630,N,01312.9285,E,0.30,170.01#CT   -0.00  13.178   0.333   0.208   101.03    10.58   7.825 038
220125 153446.000,4604.9630,N,01312.9285,E,0.30,170.01#CT   -0.00  13.179   0.333   0.208   101.03    10.58   7.825 039
220125 153447.000,4604.9631,N,01312.9284,E,0.03,170.01#CT   -0.00  13.179   0.333   0.208   100.97    10.57   7.825 036
220125 153447.000,4604.9631,N,01312.9284,E,0.03,170.01#CT   -0.00  13.179   0.333   0.208   100.97    10.57   7.826 039
220125 153448.000,4604.9631,N,01312.9284,E,0.05,170.01#CT   -0.00  13.179   0.333   0.208   100.97    10.57   7.827 038
220125 153448.000,4604.9631,N,01312.9284,E,0.05,170.01#CT   -0.00  13.180   0.333   0.208   100.97    10.57   7.827 032
220125 153449.000,4604.9631,N,01312.9284,E,0.29,170.01#CT   -0.00  13.180   0.333   0.208   100.97    10.57   7.827 032
220125 153449.000,4604.9631,N,01312.9284,E,0.29,170.01#CT   -0.00  13.180   0.333   0.208   100.97    10.57   7.828 047
220125 153450.000,4604.9631,N,01312.9285,E,0.28,170.01#CT   -0.00  13.179   0.333   0.208   100.97    10.57   7.828 041
220125 153450.000,4604.9631,N,01312.9285,E,0.28,170.01#CT   -0.00  13.179   0.333   0.208   100.97    10.57   7.829 040
220125 153451.000,4604.9631,N,01312.9286,E,0.26,170.01#CT   -0.00  13.180   0.333   0.208   100.97    10.57   7.829 046
220125 153451.000,4604.9631,N,01312.9286,E,0.26,170.01#CT   -0.00  13.180   0.333   0.208   100.97    10.57   7.830 038
220125 153452.000,4604.9632,N,01312.9286,E,0.22,170.01#CT   -0.00  13.180   0.333   0.208   101.00    10.57   7.829 033
220125 153452.000,4604.9632,N,01312.9286,E,0.22,170.01#CT   -0.00  13.180   0.333   0.208   101.00    10.57   7.830 041
220125 153453.000,4604.9633,N,01312.9286,E,0.61,43.72#CT   -0.00  13.180   0.333   0.208   101.00    10.57   7.831 040
220125 153453.000,4604.9633,N,01312.9286,E,0.61,43.72#CT   -0.00  13.181   0.333   0.208   101.00    10.57   7.831 041
220125 153454.000,4604.9634,N,01312.9287,E,0.18,43.72#CT   -0.00  13.181   0.333   0.208   101.00    10.57   7.832 042
220125 153454.000,4604.9634,N,01312.9287,E,0.18,43.72#CT   -0.00  13.182   0.333   0.208   100.95    10.57   7.837 033
220125 153455.000,4604.9636,N,01312.9287,E,0.47,43.72#CT   -0.00  13.181   0.333   0.208   100.95    10.57   7.833 038
220125 153455.000,4604.9636,N,01312.9287,E,0.47,43.72#CT   -0.00  13.180   0.333   0.208   100.95    10.57   7.837 035
220125 153456.000,4604.9637,N,01312.9288,E,0.47,43.72#CT   -0.00  13.180   0.333   0.208   100.95    10.57   7.841 034
220125 153456.000,4604.9637,N,01312.9288,E,0.47,43.72#CT   -0.00  13.180   0.333   0.208   100.95    10.57   7.834 032
220125 153457.000,4604.9638,N,01312.9290,E,0.46,43.72#CT   -0.00  13.181   0.333   0.208   100.95    10.57   7.834 033
220125 153457.000,4604.9638,N,01312.9290,E,0.46,43.72#CT   -0.00  13.181   0.333   0.208   100.95    10.57   7.835 032
220125 153458.000,4604.9639,N,01312.9291,E,0.49,43.72#CT   -0.00  13.181   0.333   0.208   100.95    10.57   7.836 035
220125 153458.000,4604.9639,N,01312.9291,E,0.49,43.72#CT   -0.00  13.181   0.333   0.208   100.95    10.57   7.835 032
220125 153459.000,4604.9639,N,01312.9294,E,0.54,117.40#CT   -0.00  13.181   0.333   0.208   100.95    10.57   7.838 045
220125 153500.000,4604.9638,N,01312.9294,E,0.27,117.40#CT   -0.00  13.182   0.333   0.208   101.00    10.57   7.835 046
220125 153500.000,4604.9638,N,01312.9294,E,0.27,117.40#CT   -0.00  13.183   0.333   0.208   101.00    10.57   7.827 044
220125 153500.000,4604.9638,N,01312.9294,E,0.27,117.40#CT   -0.00  13.183   0.333   0.208   101.00    10.57   7.830 042
220125 153501.000,4604.9637,N,01312.9295,E,0.43,117.40#CT   -0.00  13.182   0.333   0.208   101.00    10.57   7.835 046
220125 153501.000,4604.9637,N,01312.9295,E,0.43,117.40#CT   -0.00  13.182   0.333   0.208   101.00    10.57   7.835 046
220125 153502.000,4604.9638,N,01312.9296,E,0.33,117.40#CT   -0.00  13.181   0.333   0.208   100.96    10.57   7.836 032
220125 153502.000,4604.9638,N,01312.9296,E,0.33,117.40#CT   -0.00  13.182   0.333   0.208   100.96    10.57   7.837 034
220125 153503.000,4604.9639,N,01312.9295,E,0.91,356.67#CT   -0.00  13.182   0.333   0.208   100.96    10.57   7.838 045
220125 153503.000,4604.9639,N,01312.9295,E,0.91,356.67#CT   -0.00  13.183   0.333   0.208   100.96    10.57   7.838 044
220125 153504.000,4604.9640,N,01312.9297,E,0.48,356.67#CT   -0.00  13.183   0.333   0.208   100.96    10.57   7.839 045
220125 153505.000,4604.9640,N,01312.9299,E,0.32,356.67#CT   -0.00  13.183   0.333   0.208   100.94    10.57   7.838 046
220125 153505.000,4604.9640,N,01312.9299,E,0.32,356.67#CT   -0.00  13.184   0.333   0.208   100.94    10.57   7.838 041
220125 153506.000,4604.9640,N,01312.9299,E,0.58,356.67#CT   -0.00  13.183   0.333   0.208   100.94    10.57   7.839 047
220125 153506.000,4604.9640,N,01312.9299,E,0.58,356.67#CT   -0.00  13.183   0.333   0.208   100.94    10.57   7.840 033
220125 153507.000,4604.9641,N,01312.9300,E,0.46,356.67#CT   -0.00  13.183   0.333   0.208   100.94    10.57   7.840 033
220125 153507.000,4604.9641,N,01312.9300,E,0.46,356.67#CT   -0.00  13.184   0.333   0.208   100.93    10.56   7.841 033
220125 153508.000,4604.9641,N,01312.9302,E,0.41,356.67#CT   -0.00  13.184   0.333   0.208   100.93    10.56   7.841 033
220125 153508.000,4604.9641,N,01312.9302,E,0.41,356.67#CT   -0.00  13.184   0.333   0.208   100.93    10.56   7.841 033
220125 153509.000,4604.9640,N,01312.9304,E,0.45,356.67#CT   -0.00  13.184   0.333   0.208   100.93    10.56   7.841 033
220125 153509.000,4604.9640,N,01312.9304,E,0.45,356.67#CT   -0.00  13.184   0.333   0.208   100.93    10.56   7.842 034
220125 153510.000,4604.9642,N,01312.9305,E,0.69,15.32#CT   -0.00  13.184   0.333   0.208   100.89    10.56   7.842 041
220125 153510.000,4604.9642,N,01312.9305,E,0.69,15.32#CT   -0.00  13.185   0.333   0.208   100.89    10.56   7.842 040
220125 153511.000,4604.9641,N,01312.9305,E,0.41,15.32#CT   -0.00  13.186   0.333   0.208   100.89    10.56   7.843 042
220125 153511.000,4604.9641,N,01312.9305,E,0.41,15.32#CT   -0.00  13.185   0.333   0.208   100.89    10.56   7.843 041
220125 153512.000,4604.9638,N,01312.9305,E,0.42,15.32#CT   -0.00  13.185   0.333   0.208   100.89    10.56   7.843 041
220125 153512.000,4604.9638,N,01312.9305,E,0.42,15.32#CT   -0.00  13.185   0.333   0.208   100.95    10.57   7.844 034
220125 153513.000,4604.9637,N,01312.9306,E,0.41,15.32#CT   -0.00  13.186   0.333   0.208   100.95    10.57   7.844 033
220125 153513.000,4604.9637,N,01312.9306,E,0.41,15.32#CT   -0.00  13.186   0.333   0.208   100.95    10.57   7.844 033
220125 153514.000,4604.9636,N,01312.9307,E,0.36,15.32#CT   -0.00  13.186   0.333   0.208   100.95    10.57   7.844 033
220125 153514.000,4604.9636,N,01312.9307,E,0.36,15.32#CT   -0.00  13.185   0.333   0.208   100.95    10.57   7.845 035
220125 153515.000,4604.9633,N,01312.9309,E,0.20,15.32#CT   -0.00  13.186   0.333   0.208   101.06    10.58   7.845 036
220125 153515.000,4604.9633,N,01312.9309,E,0.20,15.32#CT   -0.00  13.186   0.333   0.208   101.06    10.58   7.845 036
220125 153516.000,4604.9636,N,01312.9308,E,0.22,15.32#CT   -0.00  13.186   0.333   0.208   101.06    10.58   7.846 039
220125 153516.000,4604.9636,N,01312.9308,E,0.22,15.32#CT   -0.00  13.186   0.333   0.208   101.06    10.58   7.846 039
220125 153517.000,4604.9634,N,01312.9309,E,0.32,15.32#CT   -0.00  13.187   0.333   0.208   101.06    10.58   7.846 038
220125 153517.000,4604.9634,N,01312.9309,E,0.32,15.32#CT   -0.00  13.186   0.333   0.208   100.90    10.56   7.846 039
220125 153518.000,4604.9633,N,01312.9309,E,0.54,15.32#CT   -0.00  13.187   0.333   0.208   100.90    10.56   7.847 039
220125 153518.000,4604.9633,N,01312.9309,E,0.54,15.32#CT   -0.00  13.186   0.333   0.208   100.90    10.56   7.847 038
220125 153519.000,4604.9631,N,01312.9311,E,0.83,159.24#CT   -0.00  13.187   0.333   0.208   100.90    10.56   7.847 039
220125 153519.000,4604.9631,N,01312.9311,E,0.83,159.24#CT   -0.00  13.187   0.333   0.208   100.90    10.56   7.848 040
220125 153520.000,4604.9629,N,01312.9312,E,0.71,154.26#CT   -0.00  13.187   0.333   0.208   100.92    10.56   7.848 042
220125 153520.000,4604.9629,N,01312.9312,E,0.71,154.26#CT   -0.00  13.186   0.333   0.208   100.92    10.56   7.848 043
220125 153521.000,4604.9629,N,01312.9313,E,0.53,154.26#CT   -0.00  13.187   0.333   0.208   100.92    10.56   7.848 042
220125 153521.000,4604.9629,N,01312.9313,E,0.53,154.26#CT   -0.00  13.186   0.333   0.208   100.92    10.56   7.849 042
220125 153522.000,4604.9628,N,01312.9314,E,0.33,154.26#CT   -0.00  13.187   0.333   0.208   100.92    10.56   7.849 043
220125 153522.000,4604.9628,N,01312.9314,E,0.33,154.26#CT   -0.00  13.188   0.333   0.208   100.81    10.55   7.849 037
220125 153523.000,4604.9628,N,01312.9316,E,0.48,154.26#CT   -0.00  13.188   0.333   0.208   100.81    10.55   7.849 037
220125 153523.000,4604.9628,N,01312.9316,E,0.48,154.26#CT   -0.00  13.187   0.333   0.208   100.81    10.55   7.850 034
220125 153524.000,4604.9628,N,01312.9318,E,0.41,154.26#CT   -0.00  13.187   0.333   0.208   100.81    10.55   7.850 034
220125 153524.000,4604.9628,N,01312.9318,E,0.41,154.26#CT   -0.00  13.187   0.333   0.208   100.81    10.55   7.850 034
220125 153525.000,4604.9629,N,01312.9319,E,0.37,154.26#CT   -0.00  13.188   0.333   0.208   100.97    10.57   7.850 040
220125 153525.000,4604.9629,N,01312.9319,E,0.37,154.26#CT   -0.00  13.188   0.333   0.208   100.97    10.57   7.850 040
220125 153526.000,4604.9628,N,01312.9320,E,0.33,154.26#CT   -0.00  13.188   0.333   0.208   100.97    10.57   7.851 041
220125 153526.000,4604.9628,N,01312.9320,E,0.33,154.26#CT   -0.00  13.188   0.333   0.208   100.97    10.57   7.851 041
220125 153527.000,4604.9628,N,01312.9321,E,0.25,154.26#CT   -0.00  13.188   0.333   0.208   100.97    10.57   7.851 041
220125 153527.000,4604.9628,N,01312.9321,E,0.25,154.26#CT   -0.00  13.189   0.333   0.208   100.89    10.56   7.851 038
220125 153528.000,4604.9628,N,01312.9322,E,0.15,154.26#CT   -0.00  13.188   0.333   0.208   100.89    10.56   7.852 036
220125 153528.000,4604.9628,N,01312.9322,E,0.15,154.26#CT   -0.00  13.189   0.333   0.208   100.89    10.56   7.852 037
220125 153529.000,4604.9627,N,01312.9322,E,0.14,154.26#CT   -0.00  13.189   0.333   0.208   100.89    10.56   7.852 037
220125 153529.000,4604.9627,N,01312.9322,E,0.14,154.26#CT   -0.00  13.189   0.333   0.208   100.89    10.56   7.852 037
220125 153530.000,4604.9628,N,01312.9321,E,0.19,154.26#CT   -0.00  13.189   0.333   0.208   100.83    10.55   7.853 045
220125 153530.000,4604.9628,N,01312.9321,E,0.19,154.26#CT   -0.00  13.190   0.333   0.208   100.83    10.55   7.853 037
220125 153531.000,4604.9626,N,01312.9321,E,0.19,154.26#CT   -0.00  13.189   0.333   0.208   100.83    10.55   7.853 045
220125 153531.000,4604.9626,N,01312.9321,E,0.19,154.26#CT   -0.00  13.189   0.333   0.208   100.83    10.55   7.853 045
220125 153532.000,4604.9626,N,01312.9321,E,0.17,154.26#CT   -0.00  13.190   0.333   0.208   100.83    10.55   7.853 037
220125 153533.000,4604.9625,N,01312.9322,E,0.22,154.26#CT   -0.00  13.190   0.333   0.208   101.05    10.57   7.854 047
220125 153533.000,4604.9625,N,01312.9322,E,0.22,154.26#CT   -0.00  13.190   0.333   0.208   101.05    10.57   7.854 047
220125 153533.000,4604.9625,N,01312.9322,E,0.22,154.26#CT   -0.00  13.190   0.333   0.208   101.05    10.57   7.854 047
220125 153534.000,4604.9625,N,01312.9321,E,0.26,154.26#CT   -0.00  13.190   0.333   0.208   101.05    10.57   7.854 047
220125 153534.000,4604.9625,N,01312.9321,E,0.26,154.26#CT   -0.00  13.191   0.333   0.208   101.05    10.57   7.855 047
220125 153535.000,4604.9625,N,01312.9321,E,0.19,154.26#CT   -0.00  13.190   0.333   0.208   101.00    10.57   7.855 043
220125 153536.000,4604.9625,N,01312.9321,E,0.12,154.26#CT   -0.00  13.189   0.333   0.208   101.00    10.57   7.855 035
220125 153536.000,4604.9625,N,01312.9321,E,0.12,154.26#CT   -0.00  13.190   0.333   0.208   101.00    10.57   7.855 043
220125 153537.000,4604.9626,N,01312.9321,E,0.15,154.26#CT   -0.00  13.191   0.333   0.208   101.00    10.57   7.855 042
220125 153537.000,4604.9626,N,01312.9321,E,0.15,154.26#CT   -0.00  13.191   0.333   0.208   101.00    10.57   7.856 041
220125 153538.000,4604.9625,N,01312.9322,E,0.13,154.26#CT   -0.00  13.191   0.333   0.208   100.95    10.56   7.856 037
220125 153538.000,4604.9625,N,01312.9322,E,0.13,154.26#CT   -0.00  13.191   0.333   0.208   100.95    10.56   7.856 037
220125 153539.000,4604.9625,N,01312.9322,E,0.11,154.26#CT   -0.00  13.191   0.333   0.208   100.95    10.56   7.856 037
220125 153539.000,4604.9625,N,01312.9322,E,0.11,154.26#CT   -0.00  13.191   0.333   0.208   100.95    10.56   7.856 037
220125 153540.000,4604.9623,N,01312.9322,E,0.12,154.26#CT   -0.00  13.190   0.333   0.208   100.95    10.56   7.857 037
220125 153540.000,4604.9623,N,01312.9322,E,0.12,154.26#CT   -0.00  13.190   0.333   0.208   100.90    10.56   7.857 032
220125 153541.000,4604.9622,N,01312.9322,E,0.15,154.26#CT   -0.00  13.191   0.333   0.208   100.90    10.56   7.857 033
220125 153541.000,4604.9622,N,01312.9322,E,0.15,154.26#CT   -0.00  13.191   0.333   0.208   100.90    10.56   7.857 033
220125 153542.000,4604.9620,N,01312.9323,E,0.19,154.26#CT   -0.00  13.191   0.333   0.208   100.90    10.56   7.857 033
220125 153542.000,4604.9620,N,01312.9323,E,0.19,154.26#CT   -0.00  13.192   0.333   0.208   100.90    10.56   7.857 034
220125 153543.000,4604.9619,N,01312.9323,E,0.24,154.26#CT   -0.00  13.191   0.333   0.208   101.00    10.57   7.858 039
220125 153543.000,4604.9619,N,01312.9323,E,0.24,154.26#CT   -0.00  13.192   0.333   0.208   101.00    10.57   7.858 036
220125 153544.000,4604.9621,N,01312.9321,E,0.22,154.26#CT   -0.00  13.191   0.333   0.208   101.00    10.57   7.858 039
220125 153544.000,4604.9621,N,01312.9321,E,0.22,154.26#CT   -0.00  13.192   0.333   0.208   101.00    10.57   7.858 036
220125 153545.000,4604.9620,N,01312.9323,E,0.21,154.26#CT   -0.00  13.193   0.333   0.208   101.00    10.57   7.858 037
220125 153545.000,4604.9620,N,01312.9323,E,0.21,154.26#CT   -0.00  13.193   0.333   0.208   100.92    10.56   7.859 047
220125 153546.000,4604.9621,N,01312.9321,E,0.04,154.26#CT   -0.00  13.193   0.333   0.208   100.92    10.56   7.859 047
220125 153546.000,4604.9621,N,01312.9321,E,0.04,154.26#CT   -0.00  13.193   0.333   0.208   100.92    10.56   7.859 047
220125 153547.000,4604.9619,N,01312.9323,E,0.09,154.26#CT   -0.00  13.193   0.333   0.208   100.92    10.56   7.859 047
220125 153547.000,4604.9619,N,01312.9323,E,0.09,154.26#CT   -0.00  13.193   0.333   0.208   100.92    10.56   7.860 037
220125 153548.000,4604.9618,N,01312.9321,E,0.30,154.26#CT   -0.00  13.193   0.333   0.208   100.99    10.57   7.860 047
220125 153548.000,4604.9618,N,01312.9321,E,0.30,154.26#CT   -0.00  13.194   0.333   0.208   100.99    10.57   7.860 040
220125 153549.000,4604.9617,N,01312.9320,E,0.45,154.26#CT   -0.00  13.194   0.333   0.208   100.99    10.57   7.860 040
220125 153549.000,4604.9617,N,01312.9320,E,0.45,154.26#CT   -0.00  13.194   0.333   0.208   100.99    10.57   7.860 040
220125 153550.000,4604.9618,N,01312.9318,E,0.22,154.26#CT   -0.00  13.194   0.333   0.208   100.99    10.57   7.860 040
220125 153550.000,4604.9618,N,01312.9318,E,0.22,154.26#CT   -0.00  13.194   0.333   0.208   100.95    10.56   7.860 037
220125 153551.000,4604.9619,N,01312.9316,E,0.21,154.26#CT   -0.00  13.195   0.333   0.208   100.95    10.56   7.861 037
220125 153551.000,4604.9619,N,01312.9316,E,0.21,154.26#CT   -0.00  13.194   0.333   0.208   100.95    10.56   7.861 036
220125 153552.000,4604.9620,N,01312.9314,E,0.24,154.26#CT   -0.00  13.195   0.333   0.208   100.95    10.56   7.861 037
220125 153552.000,4604.9620,N,01312.9314,E,0.24,154.26#CT   -0.00  13.195   0.333   0.208   100.95    10.56   7.861 037
220125 153553.000,4604.9620,N,01312.9313,E,0.22,154.26#CT   -0.00  13.194   0.333   0.208   100.93    10.56   7.861 034
220125 153553.000,4604.9620,N,01312.9313,E,0.22,154.26#CT   -0.00  13.194   0.333   0.208   100.93    10.56   7.861 034
220125 153554.000,4604.9620,N,01312.9313,E,0.17,154.26#CT   -0.00  13.195   0.333   0.208   100.93    10.56   7.861 035
220125 153554.000,4604.9620,N,01312.9313,E,0.17,154.26#CT   -0.00  13.195   0.333   0.208   100.93    10.56   7.862 032
220125 153555.000,4604.9620,N,01312.9312,E,0.15,154.26#CT   -0.00  13.194   0.333   0.208   100.93    10.56   7.862 033
220125 153555.000,4604.9620,N,01312.9312,E,0.15,154.26#CT   -0.00  13.195   0.333   0.208   100.82    10.55   7.862 035
220125 153556.000,4604.9620,N,01312.9311,E,0.13,154.26#CT   -0.00  13.195   0.333   0.208   100.82    10.55   7.863 034
220125 153556.000,4604.9620,N,01312.9311,E,0.13,154.26#CT   -0.00  13.195   0.333   0.208   100.82    10.55   7.863 034
220125 153557.000,4604.9621,N,01312.9310,E,0.08,154.26#CT   -0.00  13.195   0.333   0.208   100.82    10.55   7.863 034
220125 153557.000,4604.9621,N,01312.9310,E,0.08,154.26#CT   -0.00  13.195   0.333   0.208   100.82    10.55   7.863 034
220125 153558.000,4604.9620,N,01312.9313,E,0.10,154.26#CT   -0.00  13.195   0.333   0.208   101.05    10.57   7.863 046
220125 153558.000,4604.9620,N,01312.9313,E,0.10,154.26#CT   -0.00  13.196   0.333   0.208   101.05    10.57   7.863 045
220125 153559.000,4604.9620,N,01312.9314,E,0.13,154.26#CT   -0.00  13.196   0.333   0.208   101.05    10.57   7.863 045
220125 153559.000,4604.9620,N,01312.9314,E,0.13,154.26#CT   -0.00  13.196   0.333   0.208   101.05    10.57   7.863 045
220125 153600.000,4604.9621,N,01312.9313,E,0.15,154.26#CT   -0.00  13.196   0.333   0.208   101.05    10.57   7.863 045
220125 153600.000,4604.9621,N,01312.9313,E,0.15,154.26#CT   -0.00  13.196   0.333   0.208   101.01    10.57   7.864 046
220125 153601.000,4604.9622,N,01312.9315,E,0.19,154.26#CT   -0.00  13.196   0.333   0.208   101.01    10.57   7.864 046
220125 153601.000,4604.9622,N,01312.9315,E,0.19,154.26#CT   -0.00  13.197   0.333   0.208   101.01    10.57   7.864 047
220125 153602.000,4604.9622,N,01312.9316,E,0.23,154.26#CT   -0.00  13.196   0.333   0.208   101.01    10.57   7.864 046
220125 153602.000,4604.9622,N,01312.9316,E,0.23,154.26#CT   -0.00  13.196   0.333   0.208   101.01    10.57   7.864 046
220125 153603.000,4604.9621,N,01312.9319,E,0.25,154.26#CT   -0.00  13.197   0.333   0.208   100.99    10.57   7.864 047
220125 153603.000,4604.9621,N,01312.9319,E,0.25,154.26#CT   -0.00  13.197   0.333   0.208   100.99    10.57   7.864 047
220125 153604.000,4604.9624,N,01312.9317,E,0.27,154.26#CT   -0.00  13.197   0.333   0.208   100.99    10.57   7.864 047
220125 153604.000,4604.9624,N,01312.9317,E,0.27,154.26#CT   -0.00  13.197   0.333   0.208   100.99    10.57   7.865 046
220125 153605.000,4604.9625,N,01312.9317,E,0.27,154.26#CT   -0.00  13.197   0.333   0.208   100.99    10.57   7.865 046
220125 153606.000,4604.9627,N,01312.9314,E,0.26,154.26#CT   -0.00  13.197   0.333   0.208   101.06    10.57   7.865 041
220125 153606.000,4604.9627,N,01312.9314,E,0.26,154.26#CT   -0.00  13.198   0.333   0.208   101.06    10.57   7.865 038
220125 153607.000,4604.9630,N,01312.9311,E,0.27,154.26#CT   -0.00  13.198   0.333   0.208   101.06    10.57   7.865 038
220125 153607.000,4604.9630,N,01312.9311,E,0.27,154.26#CT   -0.00  13.198   0.333   0.208   101.06    10.57   7.865 038
220125 153608.000,4604.9633,N,01312.9308,E,0.30,154.26#CT   -0.00  13.198   0.333   0.208   101.06    10.57   7.866 037
220125 153608.000,4604.9633,N,01312.9308,E,0.30,154.26#CT   -0.00  13.197   0.333   0.208   100.94    10.56   7.866 033
220125 153609.000,4604.9637,N,01312.9306,E,0.34,154.26#CT   -0.00  13.198   0.333   0.208   100.94    10.56   7.866 046
220125 153609.000,4604.9637,N,01312.9306,E,0.34,154.26#CT   -0.00  13.198   0.333   0.208   100.94    10.56   7.866 046
220125 153610.000,4604.9640,N,01312.9302,E,0.40,154.26#CT   -0.00  13.198   0.333   0.208   100.94    10.56   7.866 046
220125 153610.000,4604.9640,N,01312.9302,E,0.40,154.26#CT   -0.00  13.198   0.333   0.208   100.94    10.56   7.866 046
220125 153611.000,4604.9640,N,01312.9299,E,0.42,154.26#CT   -0.00  13.198   0.333   0.208   100.86    10.55   7.866 046
220125 153611.000,4604.9640,N,01312.9299,E,0.42,154.26#CT   -0.00  13.199   0.333   0.208   100.86    10.55   7.867 046
220125 153612.000,4604.9641,N,01312.9297,E,0.40,154.26#CT   -0.00  13.199   0.333   0.208   100.86    10.55   7.867 046
