220125 163508.000,4604.9471,N,01312.9391,E,1.13,138.97#CT   -0.05  17.853   0.002   0.009    97.70     7.21   6.138 035
220125 163508.000,4604.9471,N,01312.9391,E,1.13,138.97#CT   -0.05  17.838   0.002   0.009    97.70     7.21   5.396 043
220125 163509.000,4604.9470,N,01312.9391,E,0.59,151.17#CT   -0.05  17.823   0.002   0.009    97.70     7.21   5.079 035
220125 163509.000,4604.9470,N,01312.9391,E,0.59,151.17#CT   -0.05  17.817   0.002   0.009    97.70     7.21   5.092 033
220125 163510.000,4604.9472,N,01312.9388,E,0.56,151.17#CT   -0.05  17.814   0.002   0.009    97.70     7.21   5.046 043
220125 163510.000,4604.9472,N,01312.9388,E,0.56,151.17#CT   -0.05  17.812   0.002   0.009    99.79     9.46   5.108 046
220125 163511.000,4604.9474,N,01312.9383,E,0.97,278.68#CT   -0.05  17.809   0.002   0.009    99.79     9.46   5.287 032
220125 163511.000,4604.9474,N,01312.9383,E,0.97,278.68#CT   -0.05  17.807   0.002   0.009    99.79     9.46   5.372 037
220125 163512.000,4604.9477,N,01312.9379,E,0.84,305.06#CT   -0.05  17.804   0.002   0.009    99.79     9.46   5.519 045
220125 163512.000,4604.9477,N,01312.9379,E,0.84,305.06#CT   -0.05  17.803   0.002   0.009    99.79     9.46   5.591 042
220125 163513.000,4604.9479,N,01312.9376,E,0.58,305.06#CT   -0.05  17.802   0.002   0.009    99.70     9.46   5.630 042
220125 163513.000,4604.9479,N,01312.9376,E,0.58,305.06#CT   -0.05  17.800   0.002   0.009    99.70     9.46   5.667 042
220125 163514.000,4604.9480,N,01312.9373,E,0.67,234.60#CT   -0.05  17.798   0.002   0.009    99.70     9.46   5.682 047
220125 163514.000,4604.9480,N,01312.9373,E,0.67,234.60#CT   -0.05  17.796   0.002   0.009    99.70     9.46   5.675 041
220125 163515.000,4604.9483,N,01312.9371,E,0.29,234.60#CT   -0.04  17.793   0.002   0.009    99.70     9.46   5.620 045
220125 163515.000,4604.9483,N,01312.9371,E,0.29,234.60#CT   -0.04  17.789   0.002   0.009    99.80     9.47   5.599 041
220125 163516.000,4604.9484,N,01312.9369,E,0.22,234.60#CT   -0.05  17.785   0.002   0.009    99.80     9.47   5.647 036
220125 163516.000,4604.9484,N,01312.9369,E,0.22,234.60#CT   -0.05  17.781   0.002   0.009    99.80     9.47   5.697 045
220125 163517.000,4604.9486,N,01312.9370,E,0.26,234.60#CT   -0.04  17.777   0.002   0.009    99.80     9.47   5.744 042
220125 163517.000,4604.9486,N,01312.9370,E,0.26,234.60#CT   -0.05  17.774   0.002   0.009    99.80     9.47   5.828 045
220125 163518.000,4604.9488,N,01312.9367,E,0.29,234.60#CT   -0.05  17.771   0.002   0.009    99.83     9.48   5.907 040
220125 163518.000,4604.9488,N,01312.9367,E,0.29,234.60#CT   -0.05  17.772   0.002   0.009    99.83     9.48   5.928 038
220125 163519.000,4604.9489,N,01312.9364,E,0.36,234.60#CT   -0.05  17.777   0.002   0.009    99.83     9.48   5.920 043
220125 163519.000,4604.9489,N,01312.9364,E,0.36,234.60#CT   -0.05  17.794   0.002   0.009    99.83     9.48   5.922 036
220125 163520.000,4604.9491,N,01312.9363,E,0.12,234.60#CT   -0.04  17.826   0.002   0.009    99.83     9.48   5.931 033
220125 163520.000,4604.9491,N,01312.9363,E,0.12,234.60#CT   -0.05  17.863   0.002   0.009    99.68     9.47   5.932 040
220125 163521.000,4604.9492,N,01312.9362,E,0.18,234.60#CT   -0.05  17.896   0.002   0.009    99.68     9.47   5.929 040
220125 163521.000,4604.9492,N,01312.9362,E,0.18,234.60#CT   -0.05  17.928   0.002   0.009    99.68     9.47   5.926 035
220125 163522.000,4604.9495,N,01312.9359,E,0.26,234.60#CT   -0.05  17.959   0.002   0.009    99.68     9.47   5.911 033
220125 163522.000,4604.9495,N,01312.9359,E,0.26,234.60#CT   -0.05  17.988   0.002   0.009    99.68     9.47   5.909 036
220125 163523.000,4604.9499,N,01312.9358,E,0.53,234.60#CT   -0.05  18.015   0.002   0.009    99.67     9.45   5.875 033
220125 163523.000,4604.9499,N,01312.9358,E,0.53,234.60#CT   -0.05  18.034   0.002   0.009    99.67     9.45   5.842 038
220125 163524.000,4604.9500,N,01312.9358,E,0.35,234.60#CT   -0.05  18.045   0.002   0.009    99.67     9.45   5.926 035
220125 163524.000,4604.9500,N,01312.9358,E,0.35,234.60#CT   -0.05  18.052   0.002   0.009    99.67     9.45   5.970 038
220125 163525.000,4604.9500,N,01312.9357,E,0.37,234.60#CT   -0.05  18.061   0.002   0.009    99.67     9.45   5.911 033
220125 163525.000,4604.9500,N,01312.9357,E,0.37,234.60#CT   -0.05  18.072   0.002   0.009    99.58     9.41   5.883 033
220125 163526.000,4604.9501,N,01312.9358,E,0.72,3.64#CT   -0.05  18.084   0.002   0.009    99.58     9.41   5.938 041
220125 163526.000,4604.9501,N,01312.9358,E,0.72,3.64#CT   -0.04  18.100   0.002   0.009    99.58     9.41   5.926 042
220125 163527.000,4604.9502,N,01312.9357,E,0.37,3.64#CT   -0.04  18.117   0.002   0.009    99.58     9.41   5.900 040
