210225 105916.000,4604.9005,N,01312.9112,E,1.77,67.19#CT    0.00   5.148   0.225   0.172  -382.82   -28.26   8.258 058
210225 105916.000,4604.9005,N,01312.9112,E,1.77,67.19#CT    0.02   5.199   0.226   0.172  -382.82   -28.26   8.282 048
210225 105917.000,4604.9008,N,01312.9119,E,2.18,64.59#CT    0.04   5.203   0.226   0.172  -382.82   -28.26   8.290 053
210225 105917.000,4604.9008,N,01312.9119,E,2.18,64.59#CT    0.05   5.193   0.226   0.172  -382.82   -28.26   8.291 063
210225 105918.000,4604.9012,N,01312.9125,E,2.21,71.38#CT    0.06   5.156   0.225   0.172  -382.82   -28.26   8.293 052
210225 105919.000,4604.9014,N,01312.9131,E,2.14,69.66#CT    0.08   5.100   0.225   0.172  -438.58   -55.77   8.295 048
210225 105919.000,4604.9014,N,01312.9131,E,2.14,69.66#CT    0.08   5.084   0.225   0.172  -438.58   -55.77   8.296 062
210225 105920.000,4604.9017,N,01312.9137,E,2.47,70.51#CT    0.08   5.089   0.225   0.172  -438.58   -55.77   8.297 050
210225 105920.000,4604.9017,N,01312.9137,E,2.47,70.51#CT    0.08   5.058   0.224   0.172  -438.58   -55.77   8.297 063
210225 105921.000,4604.9021,N,01312.9147,E,2.76,69.83#CT    0.08   5.000   0.224   0.172  -438.58   -55.77   8.297 050
210225 105921.000,4604.9021,N,01312.9147,E,2.76,69.83#CT    0.08   4.990   0.224   0.172    78.58     9.97   8.297 052
210225 105922.000,4604.9023,N,01312.9158,E,2.58,81.11#CT    0.08   5.007   0.224   0.172    78.58     9.97   8.297 050
210225 105922.000,4604.9023,N,01312.9158,E,2.58,81.11#CT    0.09   4.976   0.224   0.172    78.58     9.97   8.297 061
210225 105923.000,4604.9025,N,01312.9170,E,2.55,93.26#CT    0.08   4.971   0.224   0.172    78.58     9.97   8.297 059
210225 105923.000,4604.9025,N,01312.9170,E,2.55,93.26#CT    0.08   5.000   0.225   0.172    78.58     9.97   8.297 052
210225 105924.000,4604.9026,N,01312.9181,E,2.29,83.09#CT    0.08   5.045   0.225   0.172  -390.38   -49.73   8.296 057
210225 105924.000,4604.9026,N,01312.9181,E,2.29,83.09#CT    0.08   5.071   0.225   0.172  -390.38   -49.73   8.295 061
210225 105925.000,4604.9027,N,01312.9191,E,2.34,78.24#CT    0.09   5.138   0.226   0.172  -390.38   -49.73   8.294 050
210225 105925.000,4604.9027,N,01312.9191,E,2.34,78.24#CT    0.09   5.194   0.226   0.172  -390.38   -49.73   8.294 052
210225 105926.000,4604.9030,N,01312.9200,E,2.61,67.84#CT    0.09   5.254   0.226   0.172  -390.38   -49.73   8.295 058
210225 105926.000,4604.9030,N,01312.9200,E,2.61,67.84#CT    0.09   5.249   0.226   0.172  -550.55   -70.14   8.296 063
210225 105927.000,4604.9032,N,01312.9209,E,2.64,63.85#CT    0.08   5.297   0.227   0.172  -550.55   -70.14   8.297 061
210225 105927.000,4604.9032,N,01312.9209,E,2.64,63.85#CT    0.08   5.299   0.226   0.172  -550.55   -70.14   8.298 061
210225 105928.000,4604.9035,N,01312.9219,E,2.69,68.31#CT    0.08   5.260   0.226   0.172  -550.55   -70.14   8.299 058
210225 105928.000,4604.9035,N,01312.9219,E,2.69,68.31#CT    0.09   5.199   0.225   0.172  -550.55   -70.14   8.299 061
210225 105929.000,4604.9037,N,01312.9228,E,2.64,73.81#CT    0.09   5.152   0.225   0.172  -280.75   -35.53   8.299 048
210225 105929.000,4604.9037,N,01312.9228,E,2.64,73.81#CT    0.09   5.136   0.225   0.172  -280.75   -35.53   8.298 051
210225 105930.000,4604.9038,N,01312.9238,E,2.67,76.85#CT    0.09   5.139   0.225   0.172  -280.75   -35.53   8.297 051
210225 105930.000,4604.9038,N,01312.9238,E,2.67,76.85#CT    0.09   5.145   0.225   0.172  -280.75   -35.53   8.297 056
210225 105931.000,4604.9040,N,01312.9249,E,2.67,73.25#CT    0.09   5.148   0.226   0.172  -280.75   -35.53   8.296 055
210225 105931.000,4604.9040,N,01312.9249,E,2.67,73.25#CT    0.10   5.161   0.226   0.172   153.26    19.42   8.296 049
210225 105932.000,4604.9042,N,01312.9259,E,2.36,76.96#CT    0.09   5.171   0.226   0.172   153.26    19.42   8.295 059
210225 105932.000,4604.9042,N,01312.9259,E,2.36,76.96#CT    0.09   5.176   0.226   0.172   153.26    19.42   8.295 060
210225 105933.000,4604.9043,N,01312.9268,E,2.30,87.32#CT    0.09   5.185   0.226   0.173   153.26    19.42   8.294 048
210225 105933.000,4604.9043,N,01312.9268,E,2.30,87.32#CT    0.09   5.197   0.226   0.173   153.26    19.42   8.293 052
210225 105934.000,4604.9044,N,01312.9278,E,2.37,89.77#CT    0.09   5.198   0.226   0.173  -401.84   -51.00   8.292 058
210225 105934.000,4604.9044,N,01312.9278,E,2.37,89.77#CT    0.09   5.203   0.227   0.173  -401.84   -51.00   8.291 057
210225 105935.000,4604.9044,N,01312.9288,E,2.61,77.42#CT    0.09   5.214   0.227   0.173  -401.84   -51.00   8.290 062
210225 105935.000,4604.9044,N,01312.9288,E,2.61,77.42#CT    0.08   5.227   0.227   0.173  -401.84   -51.00   8.289 055
210225 105936.000,4604.9047,N,01312.9299,E,2.82,69.65#CT    0.07   5.244   0.227   0.173  -401.84   -51.00   8.287 051
210225 105936.000,4604.9047,N,01312.9299,E,2.82,69.65#CT    0.04   5.263   0.228   0.173  -470.28   -59.61   8.285 055
210225 105937.000,4604.9049,N,01312.9309,E,2.06,66.59#CT    0.02   5.281   0.228   0.173  -470.28   -59.61   8.283 059
210225 105937.000,4604.9049,N,01312.9309,E,2.06,66.59#CT    0.01   5.290   0.228   0.173  -470.28   -59.61   8.283 056
210225 105938.000,4604.9051,N,01312.9314,E,1.06,42.98#CT    0.01   5.291   0.228   0.173  -470.28   -59.61   8.283 057
210225 105938.000,4604.9051,N,01312.9314,E,1.06,42.98#CT    0.01   5.304   0.228   0.173  -470.28   -59.61   8.283 052
210225 105939.000,4604.9054,N,01312.9316,E,1.03,31.19#CT    0.03   5.319   0.228   0.173  1638.51   207.43   8.284 053
210225 105939.000,4604.9054,N,01312.9316,E,1.03,31.19#CT    0.02   5.322   0.228   0.173  1638.51   207.43   8.285 061
210225 105940.000,4604.9058,N,01312.9319,E,1.32,17.68#CT    0.02   5.335   0.228   0.174  1638.51   207.43   8.284 061
210225 105940.000,4604.9058,N,01312.9319,E,1.32,17.68#CT    0.01   5.355   0.228   0.173  1638.51   207.43   8.283 056
210225 105941.000,4604.9061,N,01312.9319,E,1.26,8.20#CT    0.01   5.341   0.228   0.173  1638.51   207.43   8.283 061
210225 105941.000,4604.9061,N,01312.9319,E,1.26,8.20#CT    0.01   5.326   0.228   0.173   328.39    41.51   8.284 051
210225 105942.000,4604.9063,N,01312.9318,E,1.03,354.89#CT    0.00   5.335   0.228   0.173   328.39    41.51   8.285 049
210225 105942.000,4604.9063,N,01312.9318,E,1.03,354.89#CT   -0.00   5.383   0.228   0.173   328.39    41.51   8.286 050
210225 105943.000,4604.9066,N,01312.9318,E,0.87,287.91#CT    0.00   5.406   0.229   0.173   328.39    41.51   8.287 053
210225 105943.000,4604.9066,N,01312.9318,E,0.87,287.91#CT    0.00   5.450   0.229   0.173   328.39    41.51   8.288 057
210225 105944.000,4604.9066,N,01312.9315,E,0.78,273.55#CT    0.03   5.443   0.229   0.173   281.26    35.52   8.288 052
210225 105944.000,4604.9066,N,01312.9315,E,0.78,273.55#CT    0.05   5.371   0.228   0.173   281.26    35.52   8.288 053
210225 105945.000,4604.9064,N,01312.9310,E,1.12,252.43#CT    0.05   5.291   0.228   0.173   281.26    35.52   8.287 053
210225 105945.000,4604.9064,N,01312.9310,E,1.12,252.43#CT    0.06   5.256   0.227   0.173   281.26    35.52   8.287 050
210225 105946.000,4604.9062,N,01312.9303,E,1.63,248.45#CT    0.06   5.244   0.227   0.173   281.26    35.52   8.287 049
210225 105947.000,4604.9060,N,01312.9298,E,2.02,243.60#CT    0.06   5.235   0.227   0.173 16281.22  2050.33   8.286 051
210225 105947.000,4604.9060,N,01312.9298,E,2.02,243.60#CT    0.06   5.232   0.227   0.173 16281.22  2050.33   8.286 052
210225 105947.000,4604.9060,N,01312.9298,E,2.02,243.60#CT    0.06   5.244   0.227   0.173 16281.22  2050.33   8.286 053
210225 105948.000,4604.9061,N,01312.9292,E,2.01,249.20#CT    0.06   5.235   0.227   0.173 16281.22  2050.33   8.288 061
210225 105948.000,4604.9061,N,01312.9292,E,2.01,249.20#CT    0.05   5.215   0.227   0.173 16281.22  2050.33   8.289 061
210225 105949.000,4604.9061,N,01312.9287,E,2.06,250.03#CT    0.05   5.196   0.226   0.173 10932.27  1383.98   8.290 051
210225 105950.000,4604.9060,N,01312.9281,E,2.11,257.81#CT    0.05   5.180   0.226   0.173 10932.27  1383.98   8.292 054
210225 105950.000,4604.9060,N,01312.9281,E,2.11,257.81#CT    0.06   5.163   0.226   0.173 10932.27  1383.98   8.293 057
210225 105951.000,4604.9060,N,01312.9274,E,2.14,252.56#CT    0.06   5.165   0.226   0.173 10932.27  1383.98   8.295 057
210225 105951.000,4604.9060,N,01312.9274,E,2.14,252.56#CT    0.07   5.160   0.226   0.173 10932.27  1383.98   8.297 063
210225 105952.000,4604.9059,N,01312.9267,E,2.11,255.40#CT    0.08   5.156   0.226   0.173  3877.45   491.25   8.299 062
210225 105952.000,4604.9059,N,01312.9267,E,2.11,255.40#CT    0.08   5.141   0.226   0.172  3877.45   491.25   8.299 057
210225 105953.000,4604.9058,N,01312.9259,E,2.34,257.96#CT    0.08   5.121   0.226   0.172  3877.45   491.25   8.300 062
210225 105953.000,4604.9058,N,01312.9259,E,2.34,257.96#CT    0.09   5.121   0.225   0.172  3877.45   491.25   8.302 062
210225 105954.000,4604.9057,N,01312.9248,E,2.54,258.48#CT    0.08   5.124   0.225   0.172  3877.45   491.25   8.303 059
210225 105954.000,4604.9057,N,01312.9248,E,2.54,258.48#CT    0.09   5.119   0.225   0.172  -345.99   -43.90   8.305 063
210225 105955.000,4604.9055,N,01312.9239,E,2.90,250.85#CT    0.09   5.127   0.225   0.172  -345.99   -43.90   8.306 049
210225 105955.000,4604.9055,N,01312.9239,E,2.90,250.85#CT    0.09   5.157   0.226   0.172  -345.99   -43.90   8.306 053
210225 105956.000,4604.9052,N,01312.9229,E,2.72,243.55#CT    0.09   5.186   0.226   0.172  -345.99   -43.90   8.306 057
210225 105956.000,4604.9052,N,01312.9229,E,2.72,243.55#CT    0.09   5.274   0.227   0.173  -345.99   -43.90   8.306 055
210225 105957.000,4604.9049,N,01312.9220,E,2.55,242.65#CT    0.09   5.336   0.227   0.172  -463.17   -58.82   8.306 061
210225 105957.000,4604.9049,N,01312.9220,E,2.55,242.65#CT    0.09   5.271   0.226   0.172  -463.17   -58.82   8.308 048
210225 105958.000,4604.9045,N,01312.9213,E,2.56,244.13#CT    0.09   5.218   0.226   0.172  -463.17   -58.82   8.309 062
210225 105958.000,4604.9045,N,01312.9213,E,2.56,244.13#CT    0.09   5.212   0.226   0.172  -463.17   -58.82   8.310 060
210225 105959.000,4604.9042,N,01312.9204,E,2.58,249.84#CT    0.09   5.162   0.225   0.172  -463.17   -58.82   8.311 058
210225 105959.000,4604.9042,N,01312.9204,E,2.58,249.84#CT    0.09   5.110   0.225   0.172    74.81     9.46   8.312 061
210225 110000.000,4604.9038,N,01312.9195,E,2.78,245.25#CT    0.09   5.098   0.225   0.172    74.81     9.46   8.313 061
210225 110000.000,4604.9038,N,01312.9195,E,2.78,245.25#CT    0.08   5.105   0.225   0.172    74.81     9.46   8.314 062
210225 110001.000,4604.9035,N,01312.9184,E,2.62,260.05#CT    0.06   5.071   0.225   0.172    74.81     9.46   8.315 051
210225 110001.000,4604.9035,N,01312.9184,E,2.62,260.05#CT    0.05   5.051   0.225   0.172    74.81     9.46   8.317 048
210225 110002.000,4604.9034,N,01312.9174,E,1.99,251.89#CT    0.04   5.051   0.225   0.172  -971.96  -123.31   8.318 045
210225 110002.000,4604.9034,N,01312.9174,E,1.99,251.89#CT    0.04   5.045   0.225   0.172  -971.96  -123.31   8.319 041
210225 110003.000,4604.9033,N,01312.9167,E,1.82,260.35#CT    0.04   5.074   0.225   0.172  -971.96  -123.31   8.321 032
210225 110003.000,4604.9033,N,01312.9167,E,1.82,260.35#CT    0.04   5.134   0.225   0.172  -971.96  -123.31   8.322 038
210225 110004.000,4604.9032,N,01312.9159,E,1.99,257.06#CT    0.05   5.090   0.225   0.172  -971.96  -123.31   8.324 046
210225 110004.000,4604.9032,N,01312.9159,E,1.99,257.06#CT    0.05   5.099   0.225   0.172  -371.37   -47.25   8.325 049
210225 110005.000,4604.9032,N,01312.9151,E,1.93,250.17#CT    0.05   5.102   0.225   0.172  -371.37   -47.25   8.326 049
210225 110005.000,4604.9032,N,01312.9151,E,1.93,250.17#CT    0.04   5.071   0.225   0.172  -371.37   -47.25   8.327 052
210225 110006.000,4604.9030,N,01312.9143,E,1.94,245.68#CT    0.04   5.067   0.225   0.172  -371.37   -47.25   8.328 060
210225 110006.000,4604.9030,N,01312.9143,E,1.94,245.68#CT    0.04   5.083   0.225   0.172  -371.37   -47.25   8.328 054
210225 110007.000,4604.9028,N,01312.9136,E,1.65,244.28#CT    0.03   5.091   0.225   0.172   270.76    34.41   8.329 048
210225 110007.000,4604.9028,N,01312.9136,E,1.65,244.28#CT    0.03   5.052   0.224   0.172   270.76    34.41   8.330 054
210225 110008.000,4604.9027,N,01312.9130,E,1.61,246.89#CT    0.03   5.045   0.225   0.172   270.76    34.41   8.331 048
210225 110008.000,4604.9027,N,01312.9130,E,1.61,246.89#CT    0.03   5.070   0.225   0.172   270.76    34.41   8.332 053
210225 110009.000,4604.9025,N,01312.9125,E,1.04,240.80#CT    0.02   5.070   0.225   0.172   270.76    34.41   8.334 050
210225 110010.000,4604.9024,N,01312.9119,E,1.34,250.56#CT    0.02   5.089   0.225   0.172  -582.72   -74.08   8.335 050
210225 110010.000,4604.9024,N,01312.9119,E,1.34,250.56#CT    0.02   5.119   0.225   0.172  -582.72   -74.08   8.336 057
210225 110010.000,4604.9024,N,01312.9119,E,1.34,250.56#CT    0.02   5.129   0.225   0.172  -582.72   -74.08   8.337 059
210225 110011.000,4604.9022,N,01312.9115,E,1.29,250.44#CT    0.02   5.116   0.225   0.172  -582.72   -74.08   8.339 057
210225 110011.000,4604.9022,N,01312.9115,E,1.29,250.44#CT    0.02   5.109   0.225   0.172  -582.72   -74.08   8.340 057
210225 110012.000,4604.9020,N,01312.9112,E,1.08,244.34#CT    0.02   5.102   0.225   0.172 -1617.27  -205.66   8.341 049
210225 110012.000,4604.9020,N,01312.9112,E,1.08,244.34#CT    0.02   5.100   0.225   0.172 -1617.27  -205.66   8.343 049
210225 110013.000,4604.9019,N,01312.9107,E,1.27,243.71#CT    0.02   5.151   0.226   0.172 -1617.27  -205.66   8.344 049
210225 110013.000,4604.9019,N,01312.9107,E,1.27,243.71#CT    0.02   5.210   0.226   0.172 -1617.27  -205.66   8.344 055
210225 110014.000,4604.9017,N,01312.9102,E,1.33,244.65#CT    0.01   5.218   0.226   0.172 -1617.27  -205.66   8.345 061
210225 110015.000,4604.9016,N,01312.9098,E,1.17,246.79#CT    0.01   5.219   0.226   0.172    63.66     8.09   8.346 056
210225 110015.000,4604.9016,N,01312.9098,E,1.17,246.79#CT    0.01   5.239   0.226   0.172    63.66     8.09   8.347 059
210225 110015.000,4604.9016,N,01312.9098,E,1.17,246.79#CT    0.01   5.238   0.226   0.172    63.66     8.09   8.348 053
210225 110016.000,4604.9014,N,01312.9095,E,1.10,243.11#CT    0.01   5.204   0.225   0.172    63.66     8.09   8.349 056
210225 110016.000,4604.9014,N,01312.9095,E,1.10,243.11#CT    0.01   5.174   0.225   0.172    63.66     8.09   8.350 052
210225 110017.000,4604.9014,N,01312.9090,E,1.09,242.86#CT    0.01   5.150   0.225   0.172   557.44    70.62   8.350 050
210225 110017.000,4604.9014,N,01312.9090,E,1.09,242.86#CT    0.01   5.161   0.226   0.172   557.44    70.62   8.351 050
210225 110018.000,4604.9014,N,01312.9085,E,0.88,243.29#CT    0.01   5.174   0.226   0.172   557.44    70.62   8.351 054
210225 110018.000,4604.9014,N,01312.9085,E,0.88,243.29#CT    0.00   5.172   0.225   0.172   557.44    70.62   8.351 050
210225 110019.000,4604.9013,N,01312.9081,E,0.83,244.05#CT    0.00   5.157   0.225   0.172   557.44    70.62   8.351 053
210225 110020.000,4604.9013,N,01312.9078,E,0.76,243.82#CT    0.00   5.147   0.225   0.172 -1230.67  -156.08   8.352 056
210225 110020.000,4604.9013,N,01312.9078,E,0.76,243.82#CT    0.00   5.135   0.225   0.172 -1230.67  -156.08   8.353 060
210225 110021.000,4604.9013,N,01312.9075,E,0.70,244.04#CT    0.00   5.122   0.225   0.172 -1230.67  -156.08   8.354 061
210225 110021.000,4604.9013,N,01312.9075,E,0.70,244.04#CT    0.00   5.116   0.225   0.172 -1230.67  -156.08   8.356 056
210225 110022.000,4604.9013,N,01312.9072,E,0.65,244.32#CT    0.00   5.121   0.225   0.172 -1230.67  -156.08   8.357 061
210225 110022.000,4604.9013,N,01312.9072,E,0.65,244.32#CT    0.00   5.129   0.225   0.172  -318.78   -40.45   8.357 062
210225 110023.000,4604.9012,N,01312.9071,E,0.61,244.09#CT   -0.00   5.131   0.225   0.172  -318.78   -40.45   8.357 058
210225 110023.000,4604.9012,N,01312.9071,E,0.61,244.09#CT    0.00   5.129   0.225   0.172  -318.78   -40.45   8.358 049
210225 110024.000,4604.9010,N,01312.9069,E,0.57,242.27#CT   -0.01   5.126   0.225   0.172  -318.78   -40.45   8.360 057
210225 110024.000,4604.9010,N,01312.9069,E,0.57,242.27#CT    0.00   5.121   0.225   0.172  -318.78   -40.45   8.360 050
210225 110025.000,4604.9010,N,01312.9067,E,0.53,241.09#CT   -0.00   5.121   0.225   0.172   476.74    60.55   8.362 061
210225 110025.000,4604.9010,N,01312.9067,E,0.53,241.09#CT    0.00   5.125   0.225   0.172   476.74    60.55   8.363 053
210225 110026.000,4604.9008,N,01312.9067,E,0.47,241.09#CT   -0.00   5.128   0.225   0.172   476.74    60.55   8.363 053
210225 110026.000,4604.9008,N,01312.9067,E,0.47,241.09#CT    0.00   5.131   0.225   0.172   476.74    60.55   8.363 048
210225 110027.000,4604.9007,N,01312.9067,E,0.41,241.09#CT   -0.00   5.137   0.225   0.172   476.74    60.55   8.364 060
210225 110027.000,4604.9007,N,01312.9067,E,0.41,241.09#CT    0.00   5.141   0.225   0.172  -366.14   -46.50   8.363 054
210225 110028.000,4604.9008,N,01312.9065,E,0.23,241.09#CT    0.00   5.141   0.225   0.172  -366.14   -46.50   8.364 049
210225 110028.000,4604.9008,N,01312.9065,E,0.23,241.09#CT    0.00   5.136   0.225   0.172  -366.14   -46.50   8.364 049
210225 110029.000,4604.9008,N,01312.9064,E,0.22,241.09#CT    0.01   5.126   0.225   0.172  -366.14   -46.50   8.365 048
210225 110029.000,4604.9008,N,01312.9064,E,0.22,241.09#CT    0.01   5.120   0.225   0.172  -366.14   -46.50   8.365 054
210225 110030.000,4604.9009,N,01312.9065,E,0.20,241.09#CT    0.01   5.121   0.225   0.172   188.35    23.91   8.365 056
210225 110030.000,4604.9009,N,01312.9065,E,0.20,241.09#CT    0.01   5.116   0.225   0.172   188.35    23.91   8.365 060
210225 110031.000,4604.9008,N,01312.9066,E,0.21,241.09#CT    0.01   5.136   0.225   0.172   188.35    23.91   8.366 061
210225 110031.000,4604.9008,N,01312.9066,E,0.21,241.09#CT    0.01   5.124   0.225   0.172   188.35    23.91   8.366 062
210225 110032.000,4604.9007,N,01312.9067,E,0.23,241.09#CT    0.01   5.092   0.225   0.172   188.35    23.91   8.367 051
210225 110032.000,4604.9007,N,01312.9067,E,0.23,241.09#CT    0.01   5.066   0.225   0.172  -466.37   -59.23   8.367 059
210225 110033.000,4604.9006,N,01312.9069,E,0.29,241.09#CT    0.01   5.058   0.225   0.172  -466.37   -59.23   8.368 057
210225 110033.000,4604.9006,N,01312.9069,E,0.29,241.09#CT    0.01   5.047   0.225   0.172  -466.37   -59.23   8.368 055
210225 110034.000,4604.9005,N,01312.9071,E,0.33,241.09#CT    0.01   5.035   0.225   0.172  -466.37   -59.23   8.369 051
210225 110034.000,4604.9005,N,01312.9071,E,0.33,241.09#CT    0.01   5.042   0.225   0.172  -466.37   -59.23   8.369 051
210225 110035.000,4604.9004,N,01312.9073,E,0.39,241.09#CT    0.01   5.040   0.225   0.172 -2385.30  -303.16   8.369 052
210225 110035.000,4604.9004,N,01312.9073,E,0.39,241.09#CT    0.01   5.054   0.225   0.172 -2385.30  -303.16   8.369 049
210225 110036.000,4604.9003,N,01312.9074,E,0.44,241.09#CT    0.01   5.066   0.225   0.172 -2385.30  -303.16   8.369 048
210225 110036.000,4604.9003,N,01312.9074,E,0.44,241.09#CT    0.01   5.069   0.225   0.172 -2385.30  -303.16   8.369 063
210225 110037.000,4604.9003,N,01312.9076,E,0.48,241.09#CT    0.01   5.065   0.225   0.172 -2385.30  -303.16   8.369 051
210225 110037.000,4604.9003,N,01312.9076,E,0.48,241.09#CT    0.01   5.059   0.225   0.172    36.38     4.63   8.369 059
210225 110038.000,4604.9003,N,01312.9077,E,0.50,241.09#CT    0.00   5.055   0.225   0.172    36.38     4.63   8.369 054
210225 110038.000,4604.9003,N,01312.9077,E,0.50,241.09#CT    0.00   5.066   0.225   0.172    36.38     4.63   8.369 054
210225 110039.000,4604.9004,N,01312.9079,E,0.50,241.09#CT    0.01   5.093   0.225   0.172    36.38     4.63   8.369 061
210225 110039.000,4604.9004,N,01312.9079,E,0.50,241.09#CT    0.00   5.114   0.225   0.172    36.38     4.63   8.369 050
210225 110040.000,4604.9004,N,01312.9080,E,0.49,241.09#CT    0.00   5.123   0.225   0.172   575.18    73.15   8.369 055
210225 110040.000,4604.9004,N,01312.9080,E,0.49,241.09#CT    0.00   5.116   0.225   0.172   575.18    73.15   8.370 057
210225 110041.000,4604.9005,N,01312.9080,E,0.46,99.56#CT    0.00   5.112   0.225   0.172   575.18    73.15   8.371 060
210225 110041.000,4604.9005,N,01312.9080,E,0.46,99.56#CT    0.00   5.102   0.225   0.172   575.18    73.15   8.372 062
210225 110042.000,4604.9004,N,01312.9080,E,0.42,97.98#CT    0.00   5.097   0.225   0.172   575.18    73.15   8.372 051
210225 110043.000,4604.9005,N,01312.9081,E,0.38,97.98#CT    0.00   5.097   0.225   0.172    34.99     4.44   8.373 063
210225 110043.000,4604.9005,N,01312.9081,E,0.38,97.98#CT    0.00   5.099   0.225   0.172    34.99     4.44   8.373 049
210225 110043.000,4604.9005,N,01312.9081,E,0.38,97.98#CT    0.00   5.103   0.225   0.172    34.99     4.44   8.374 052
210225 110044.000,4604.9004,N,01312.9081,E,0.36,97.98#CT    0.00   5.099   0.225   0.172    34.99     4.44   8.374 054
210225 110044.000,4604.9004,N,01312.9081,E,0.36,97.98#CT    0.00   5.085   0.225   0.172    34.99     4.44   8.375 058
210225 110045.000,4604.9004,N,01312.9081,E,0.34,97.98#CT    0.00   5.073   0.225   0.172  -265.37   -33.72   8.375 048
210225 110046.000,4604.9005,N,01312.9081,E,0.32,97.98#CT    0.00   5.068   0.225   0.172  -265.37   -33.72   8.375 058
210225 110046.000,4604.9005,N,01312.9081,E,0.32,97.98#CT    0.00   5.073   0.225   0.172  -265.37   -33.72   8.376 051
210225 110047.000,4604.9005,N,01312.9081,E,0.29,97.98#CT    0.00   5.074   0.225   0.172  -265.37   -33.72   8.376 052
210225 110047.000,4604.9005,N,01312.9081,E,0.29,97.98#CT    0.00   5.075   0.225   0.172  -265.37   -33.72   8.376 053
210225 110048.000,4604.9005,N,01312.9081,E,0.27,97.98#CT    0.00   5.076   0.225   0.172 -1928.41  -245.13   8.377 049
210225 110048.000,4604.9005,N,01312.9081,E,0.27,97.98#CT    0.00   5.077   0.225   0.172 -1928.41  -245.13   8.377 048
210225 110049.000,4604.9006,N,01312.9082,E,0.25,97.98#CT    0.00   5.072   0.225   0.172 -1928.41  -245.13   8.377 053
210225 110049.000,4604.9006,N,01312.9082,E,0.25,97.98#CT    0.00   5.068   0.225   0.172 -1928.41  -245.13   8.377 062
210225 110050.000,4604.9007,N,01312.9082,E,0.24,97.98#CT    0.00   5.068   0.225   0.172 -1928.41  -245.13   8.378 049
210225 110050.000,4604.9007,N,01312.9082,E,0.24,97.98#CT    0.01   5.065   0.225   0.172  -869.35  -110.54   8.378 043
210225 110051.000,4604.9007,N,01312.9082,E,0.22,97.98#CT    0.02   5.056   0.225   0.172  -869.35  -110.54   8.378 040
210225 110051.000,4604.9007,N,01312.9082,E,0.22,97.98#CT    0.02   5.041   0.225   0.172  -869.35  -110.54   8.378 046
210225 110052.000,4604.9009,N,01312.9086,E,0.24,97.98#CT    0.02   5.030   0.224   0.172  -869.35  -110.54   8.378 041
210225 110052.000,4604.9009,N,01312.9086,E,0.24,97.98#CT    0.03   5.019   0.224   0.172  -869.35  -110.54   8.377 044
210225 110053.000,4604.9012,N,01312.9090,E,0.54,97.98#CT    0.02   4.990   0.224   0.172  -275.89   -35.09   8.377 058
210225 110053.000,4604.9012,N,01312.9090,E,0.54,97.98#CT    0.02   4.970   0.224   0.172  -275.89   -35.09   8.377 052
210225 110054.000,4604.9015,N,01312.9096,E,0.70,66.47#CT    0.02   5.012   0.225   0.172  -275.89   -35.09   8.376 056
210225 110054.000,4604.9015,N,01312.9096,E,0.70,66.47#CT    0.02   5.056   0.225   0.172  -275.89   -35.09   8.376 056
210225 110055.000,4604.9018,N,01312.9100,E,0.73,66.92#CT    0.02   5.076   0.225   0.172  -275.89   -35.09   8.376 058
210225 110055.000,4604.9018,N,01312.9100,E,0.73,66.92#CT    0.02   5.078   0.225   0.172 -7304.55  -930.13   8.376 050
210225 110056.000,4604.9021,N,01312.9104,E,0.76,67.04#CT    0.01   5.067   0.225   0.172 -7304.55  -930.13   8.376 063
210225 110056.000,4604.9021,N,01312.9104,E,0.76,67.04#CT    0.02   5.072   0.225   0.172 -7304.55  -930.13   8.377 057
210225 110057.000,4604.9022,N,01312.9107,E,0.75,69.31#CT    0.01   5.069   0.225   0.172 -7304.55  -930.13   8.376 049
210225 110057.000,4604.9022,N,01312.9107,E,0.75,69.31#CT    0.01   5.073   0.225   0.172 -7304.55  -930.13   8.377 059
210225 110058.000,4604.9024,N,01312.9110,E,0.75,69.21#CT    0.01   5.083   0.225   0.172  -481.99   -61.28   8.377 060
210225 110058.000,4604.9024,N,01312.9110,E,0.75,69.21#CT    0.02   5.049   0.224   0.172  -481.99   -61.28   8.377 056
210225 110059.000,4604.9026,N,01312.9113,E,0.77,66.53#CT    0.02   5.022   0.224   0.172  -481.99   -61.28   8.377 053
210225 110059.000,4604.9026,N,01312.9113,E,0.77,66.53#CT    0.02   5.014   0.224   0.172  -481.99   -61.28   8.378 063
210225 110100.000,4604.9027,N,01312.9117,E,0.79,66.41#CT    0.02   5.010   0.224   0.172  -481.99   -61.28   8.378 059
210225 110100.000,4604.9027,N,01312.9117,E,0.79,66.41#CT    0.02   5.013   0.224   0.172  -432.07   -54.94   8.378 054
210225 110101.000,4604.9030,N,01312.9122,E,0.83,64.74#CT    0.02   5.010   0.224   0.172  -432.07   -54.94   8.378 053
210225 110101.000,4604.9030,N,01312.9122,E,0.83,64.74#CT    0.02   5.003   0.224   0.172  -432.07   -54.94   8.378 055
210225 110102.000,4604.9031,N,01312.9126,E,0.89,65.10#CT    0.02   4.984   0.224   0.172  -432.07   -54.94   8.377 063
210225 110102.000,4604.9031,N,01312.9126,E,0.89,65.10#CT    0.02   4.972   0.224   0.172  -432.07   -54.94   8.377 054
210225 110103.000,4604.9033,N,01312.9131,E,1.05,65.17#CT    0.02   4.994   0.224   0.172  -906.25  -115.42   8.376 042
210225 110103.000,4604.9033,N,01312.9131,E,1.05,65.17#CT    0.02   5.018   0.224   0.172  -906.25  -115.42   8.376 038
210225 110104.000,4604.9035,N,01312.9137,E,1.09,66.10#CT    0.02   5.026   0.225   0.172  -906.25  -115.42   8.375 041
210225 110104.000,4604.9035,N,01312.9137,E,1.09,66.10#CT    0.02   5.039   0.225   0.172  -906.25  -115.42   8.375 039
210225 110105.000,4604.9038,N,01312.9141,E,1.12,64.78#CT    0.02   5.058   0.225   0.172  -906.25  -115.42   8.375 032
210225 110105.000,4604.9038,N,01312.9141,E,1.12,64.78#CT    0.02   5.068   0.225   0.172   210.43    26.83   8.375 051
210225 110106.000,4604.9038,N,01312.9145,E,1.12,66.09#CT    0.02   5.099   0.225   0.172   210.43    26.83   8.375 061
210225 110106.000,4604.9038,N,01312.9145,E,1.12,66.09#CT    0.02   5.116   0.225   0.172   210.43    26.83   8.375 059
210225 110107.000,4604.9039,N,01312.9150,E,1.14,69.13#CT    0.02   5.128   0.225   0.172   210.43    26.83   8.375 054
210225 110107.000,4604.9039,N,01312.9150,E,1.14,69.13#CT    0.02   5.136   0.225   0.172   210.43    26.83   8.374 056
210225 110108.000,4604.9041,N,01312.9155,E,1.17,69.26#CT    0.02   5.146   0.226   0.172  -767.62   -97.65   8.374 056
210225 110108.000,4604.9041,N,01312.9155,E,1.17,69.26#CT    0.02   5.203   0.226   0.172  -767.62   -97.65   8.374 058
210225 110109.000,4604.9043,N,01312.9161,E,1.38,64.89#CT    0.02   5.202   0.225   0.172  -767.62   -97.65   8.374 056
210225 110109.000,4604.9043,N,01312.9161,E,1.38,64.89#CT    0.02   5.126   0.225   0.172  -767.62   -97.65   8.375 060
210225 110110.000,4604.9045,N,01312.9167,E,1.21,65.74#CT    0.02   5.122   0.225   0.172  -767.62   -97.65   8.375 056
210225 110110.000,4604.9045,N,01312.9167,E,1.21,65.74#CT    0.03   5.134   0.225   0.172 -1979.89  -251.35   8.374 055
210225 110111.000,4604.9047,N,01312.9172,E,1.24,65.92#CT    0.02   5.146   0.226   0.172 -1979.89  -251.35   8.374 048
210225 110111.000,4604.9047,N,01312.9172,E,1.24,65.92#CT    0.02   5.202   0.226   0.172 -1979.89  -251.35   8.374 051
210225 110112.000,4604.9049,N,01312.9177,E,1.32,65.01#CT    0.02   5.257   0.226   0.172 -1979.89  -251.35   8.373 052
210225 110112.000,4604.9049,N,01312.9177,E,1.32,65.01#CT    0.02   5.292   0.226   0.172 -1979.89  -251.35   8.373 061
210225 110113.000,4604.9050,N,01312.9182,E,1.24,71.41#CT    0.02   5.302   0.226   0.172  -352.70   -44.79   8.373 063
210225 110113.000,4604.9050,N,01312.9182,E,1.24,71.41#CT    0.02   5.260   0.226   0.172  -352.70   -44.79   8.373 058
210225 110114.000,4604.9051,N,01312.9186,E,1.17,80.96#CT    0.02   5.269   0.227   0.173  -352.70   -44.79   8.373 051
210225 110114.000,4604.9051,N,01312.9186,E,1.17,80.96#CT    0.02   5.338   0.227   0.172  -352.70   -44.79   8.373 055
210225 110115.000,4604.9051,N,01312.9192,E,1.38,80.06#CT    0.02   5.365   0.227   0.172  -352.70   -44.79   8.373 063
210225 110116.000,4604.9053,N,01312.9198,E,1.32,79.58#CT    0.02   5.435   0.228   0.173   189.46    23.96   8.373 050
210225 110116.000,4604.9053,N,01312.9198,E,1.32,79.58#CT    0.01   5.506   0.228   0.172   189.46    23.96   8.372 048
210225 110116.000,4604.9053,N,01312.9198,E,1.32,79.58#CT    0.01   5.467   0.227   0.172   189.46    23.96   8.372 057
210225 110117.000,4604.9054,N,01312.9203,E,0.93,62.52#CT    0.01   5.362   0.226   0.172   189.46    23.96   8.373 059
210225 110117.000,4604.9054,N,01312.9203,E,0.93,62.52#CT    0.00   5.274   0.226   0.172   189.46    23.96   8.373 060
210225 110118.000,4604.9057,N,01312.9205,E,0.62,44.49#CT    0.00   5.224   0.226   0.172  -381.61   -48.16   8.374 052
210225 110118.000,4604.9057,N,01312.9205,E,0.62,44.49#CT    0.00   5.193   0.226   0.172  -381.61   -48.16   8.374 059
210225 110119.000,4604.9058,N,01312.9207,E,0.33,44.49#CT    0.00   5.175   0.226   0.172  -381.61   -48.16   8.375 050
210225 110119.000,4604.9058,N,01312.9207,E,0.33,44.49#CT    0.00   5.171   0.226   0.172  -381.61   -48.16   8.376 053
210225 110120.000,4604.9058,N,01312.9207,E,0.42,44.49#CT    0.00   5.183   0.226   0.172  -381.61   -48.16   8.377 057
210225 110121.000,4604.9059,N,01312.9207,E,0.53,44.49#CT    0.00   5.201   0.226   0.172  -588.64   -74.46   8.377 048
210225 110121.000,4604.9059,N,01312.9207,E,0.53,44.49#CT    0.00   5.213   0.226   0.172  -588.64   -74.46   8.377 051
210225 110122.000,4604.9060,N,01312.9207,E,0.79,352.16#CT    0.01   5.224   0.226   0.172  -588.64   -74.46   8.376 055
210225 110122.000,4604.9060,N,01312.9207,E,0.79,352.16#CT    0.01   5.243   0.226   0.172  -588.64   -74.46   8.376 054
210225 110123.000,4604.9061,N,01312.9207,E,1.42,340.42#CT    0.01   5.291   0.227   0.173  -588.64   -74.46   8.376 057
210225 110123.000,4604.9061,N,01312.9207,E,1.42,340.42#CT    0.01   5.355   0.227   0.172  -359.45   -45.58   8.375 054
210225 110124.000,4604.9065,N,01312.9205,E,1.56,338.20#CT    0.01   5.340   0.226   0.172  -359.45   -45.58   8.374 050
210225 110124.000,4604.9065,N,01312.9205,E,1.56,338.20#CT    0.01   5.284   0.226   0.172  -359.45   -45.58   8.374 059
210225 110125.000,4604.9068,N,01312.9203,E,1.49,339.09#CT    0.00   5.248   0.226   0.172  -359.45   -45.58   8.375 059
210225 110125.000,4604.9068,N,01312.9203,E,1.49,339.09#CT    0.00   5.231   0.226   0.172  -359.45   -45.58   8.376 054
210225 110126.000,4604.9071,N,01312.9202,E,1.23,339.42#CT    0.00   5.252   0.226   0.172   365.13    46.17   8.376 055
210225 110126.000,4604.9071,N,01312.9202,E,1.23,339.42#CT    0.00   5.319   0.226   0.172   365.13    46.17   8.376 057
210225 110127.000,4604.9072,N,01312.9202,E,0.72,315.04#CT   -0.00   5.363   0.226   0.172   365.13    46.17   8.377 056
210225 110127.000,4604.9072,N,01312.9202,E,0.72,315.04#CT   -0.00   5.513   0.227   0.172   365.13    46.17   8.377 056
210225 110128.000,4604.9073,N,01312.9200,E,0.35,315.04#CT   -0.00   5.624   0.229   0.173   365.13    46.17   8.377 048
210225 110128.000,4604.9073,N,01312.9200,E,0.35,315.04#CT   -0.00   5.602   0.229   0.173 -19601.06 -2482.32   8.377 022
210225 110129.000,4604.9073,N,01312.9199,E,0.62,216.04#CT   -0.00   5.558   0.229   0.173 -19601.06 -2482.32   8.377 026
210225 110129.000,4604.9073,N,01312.9199,E,0.62,216.04#CT    0.00   5.524   0.228   0.173 -19601.06 -2482.32   8.377 029
210225 110130.000,4604.9071,N,01312.9198,E,0.61,201.61#CT    0.00   5.487   0.228   0.173 -19601.06 -2482.32   8.377 021
210225 110130.000,4604.9071,N,01312.9198,E,0.61,201.61#CT    0.01   5.448   0.228   0.173 -19601.06 -2482.32   8.376 022
210225 110131.000,4604.9070,N,01312.9196,E,0.38,201.61#CT    0.01   5.484   0.229   0.173  -381.65   -47.85   8.376 052
210225 110131.000,4604.9070,N,01312.9196,E,0.38,201.61#CT    0.02   5.483   0.228   0.172  -381.65   -47.85   8.376 048
210225 110132.000,4604.9069,N,01312.9194,E,0.41,201.61#CT    0.03   5.369   0.227   0.172  -381.65   -47.85   8.376 061
210225 110132.000,4604.9069,N,01312.9194,E,0.41,201.61#CT    0.03   5.315   0.227   0.172  -381.65   -47.85   8.376 054
210225 110133.000,4604.9069,N,01312.9192,E,1.45,246.44#CT    0.03   5.290   0.227   0.172  -381.65   -47.85   8.374 056
210225 110133.000,4604.9069,N,01312.9192,E,1.45,246.44#CT    0.03   5.271   0.226   0.172    26.75     3.37   8.373 055
210225 110134.000,4604.9067,N,01312.9187,E,1.78,248.86#CT    0.03   5.257   0.226   0.172    26.75     3.37   8.373 051
210225 110134.000,4604.9067,N,01312.9187,E,1.78,248.86#CT    0.03   5.224   0.226   0.172    26.75     3.37   8.372 054
210225 110135.000,4604.9065,N,01312.9180,E,1.93,246.12#CT    0.03   5.203   0.226   0.172    26.75     3.37   8.372 051
210225 110135.000,4604.9065,N,01312.9180,E,1.93,246.12#CT    0.03   5.214   0.226   0.172    26.75     3.37   8.371 054
210225 110136.000,4604.9065,N,01312.9173,E,1.94,252.66#CT    0.03   5.205   0.226   0.172  -446.31   -56.43   8.371 055
210225 110136.000,4604.9065,N,01312.9173,E,1.94,252.66#CT    0.03   5.220   0.226   0.172  -446.31   -56.43   8.371 048
210225 110137.000,4604.9063,N,01312.9167,E,1.80,261.18#CT    0.03   5.241   0.226   0.172  -446.31   -56.43   8.371 055
210225 110137.000,4604.9063,N,01312.9167,E,1.80,261.18#CT    0.03   5.253   0.226   0.172  -446.31   -56.43   8.370 053
210225 110138.000,4604.9062,N,01312.9160,E,1.81,257.69#CT    0.03   5.240   0.226   0.172  -446.31   -56.43   8.371 054
210225 110138.000,4604.9062,N,01312.9160,E,1.81,257.69#CT    0.03   5.223   0.226   0.172    79.78    10.11   8.371 035
210225 110139.000,4604.9061,N,01312.9154,E,1.73,256.20#CT    0.03   5.219   0.226   0.172    79.78    10.11   8.372 041
210225 110139.000,4604.9061,N,01312.9154,E,1.73,256.20#CT    0.03   5.198   0.226   0.172    79.78    10.11   8.372 035
210225 110140.000,4604.9059,N,01312.9148,E,1.62,250.68#CT    0.02   5.171   0.225   0.172    79.78    10.11   8.373 039
210225 110140.000,4604.9059,N,01312.9148,E,1.62,250.68#CT    0.02   5.162   0.226   0.172    79.78    10.11   8.374 033
210225 110141.000,4604.9057,N,01312.9142,E,1.42,258.83#CT    0.02   5.182   0.226   0.172   159.39    20.18   8.375 050
210225 110141.000,4604.9057,N,01312.9142,E,1.42,258.83#CT    0.02   5.195   0.226   0.172   159.39    20.18   8.376 055
210225 110142.000,4604.9056,N,01312.9136,E,1.37,258.96#CT    0.02   5.184   0.226   0.172   159.39    20.18   8.377 054
210225 110142.000,4604.9056,N,01312.9136,E,1.37,258.96#CT    0.02   5.197   0.226   0.172   159.39    20.18   8.377 052
210225 110143.000,4604.9055,N,01312.9130,E,1.43,257.69#CT    0.02   5.212   0.226   0.172   159.39    20.18   8.378 053
210225 110143.000,4604.9055,N,01312.9130,E,1.43,257.69#CT    0.02   5.208   0.226   0.172    79.39    10.07   8.378 032
210225 110144.000,4604.9054,N,01312.9125,E,1.37,253.89#CT    0.03   5.197   0.226   0.172    79.39    10.07   8.378 036
210225 110144.000,4604.9054,N,01312.9125,E,1.37,253.89#CT    0.03   5.198   0.226   0.172    79.39    10.07   8.377 036
210225 110145.000,4604.9054,N,01312.9120,E,1.69,244.62#CT    0.03   5.211   0.226   0.172    79.39    10.07   8.377 038
210225 110145.000,4604.9054,N,01312.9120,E,1.69,244.62#CT    0.03   5.195   0.226   0.172    79.39    10.07   8.376 040
210225 110146.000,4604.9052,N,01312.9113,E,1.88,255.12#CT    0.03   5.158   0.225   0.172   518.39    65.68   8.377 050
210225 110146.000,4604.9052,N,01312.9113,E,1.88,255.12#CT    0.03   5.114   0.225   0.172   518.39    65.68   8.377 058
210225 110147.000,4604.9049,N,01312.9104,E,2.36,247.60#CT    0.03   5.117   0.225   0.172   518.39    65.68   8.377 057
210225 110147.000,4604.9049,N,01312.9104,E,2.36,247.60#CT    0.03   5.131   0.225   0.172   518.39    65.68   8.377 061
210225 110148.000,4604.9048,N,01312.9098,E,1.91,247.25#CT    0.03   5.149   0.225   0.172   518.39    65.68   8.378 061
210225 110149.000,4604.9047,N,01312.9091,E,1.85,248.89#CT    0.03   5.162   0.225   0.172  1552.89   196.84   8.378 063
210225 110149.000,4604.9047,N,01312.9091,E,1.85,248.89#CT    0.03   5.145   0.225   0.172  1552.89   196.84   8.378 058
210225 110149.000,4604.9047,N,01312.9091,E,1.85,248.89#CT    0.03   5.111   0.225   0.172  1552.89   196.84   8.379 058
210225 110150.000,4604.9046,N,01312.9084,E,1.85,250.44#CT    0.04   5.110   0.225   0.172  1552.89   196.84   8.379 060
210225 110150.000,4604.9046,N,01312.9084,E,1.85,250.44#CT    0.04   5.128   0.225   0.172  1552.89   196.84   8.378 054
210225 110151.000,4604.9043,N,01312.9077,E,2.06,247.83#CT    0.04   5.174   0.226   0.172   414.10    52.55   8.378 059
210225 110151.000,4604.9043,N,01312.9077,E,2.06,247.83#CT    0.04   5.207   0.226   0.172   414.10    52.55   8.378 060
210225 110152.000,4604.9040,N,01312.9075,E,1.85,240.57#CT    0.04   5.206   0.225   0.172   414.10    52.55   8.378 062
210225 110153.000,4604.9037,N,01312.9071,E,1.80,233.90#CT    0.04   5.142   0.225   0.172   414.10    52.55   8.378 061
210225 110153.000,4604.9037,N,01312.9071,E,1.80,233.90#CT    0.04   5.079   0.225   0.172   414.10    52.55   8.379 053
210225 110154.000,4604.9035,N,01312.9065,E,1.74,242.80#CT    0.04   5.077   0.225   0.172   225.39    28.62   8.380 059
210225 110154.000,4604.9035,N,01312.9065,E,1.74,242.80#CT    0.04   5.131   0.226   0.172   225.39    28.62   8.379 061
210225 110155.000,4604.9032,N,01312.9059,E,1.20,257.19#CT    0.04   5.223   0.226   0.172   225.39    28.62   8.379 061
210225 110155.000,4604.9032,N,01312.9059,E,1.20,257.19#CT    0.04   5.281   0.226   0.172   225.39    28.62   8.378 052
210225 110156.000,4604.9031,N,01312.9054,E,1.45,254.87#CT    0.04   5.292   0.226   0.172   225.39    28.62   8.379 055
210225 110156.000,4604.9031,N,01312.9054,E,1.45,254.87#CT    0.04   5.273   0.226   0.172  1117.61   142.09   8.379 054
210225 110157.000,4604.9030,N,01312.9048,E,1.59,252.88#CT    0.04   5.218   0.226   0.172  1117.61   142.09   8.380 061
210225 110157.000,4604.9030,N,01312.9048,E,1.59,252.88#CT    0.03   5.197   0.226   0.172  1117.61   142.09   8.381 063
210225 110158.000,4604.9028,N,01312.9043,E,1.55,249.50#CT    0.02   5.217   0.226   0.172  1117.61   142.09   8.382 054
210225 110158.000,4604.9028,N,01312.9043,E,1.55,249.50#CT    0.01   5.209   0.225   0.172  1117.61   142.09   8.384 063
210225 110159.000,4604.9027,N,01312.9038,E,1.37,254.68#CT    0.01   5.173   0.226   0.172   154.03    19.48   8.385 059
210225 110159.000,4604.9027,N,01312.9038,E,1.37,254.68#CT    0.01   5.187   0.226   0.172   154.03    19.48   8.385 048
210225 110200.000,4604.9026,N,01312.9035,E,1.01,251.51#CT    0.00   5.231   0.226   0.172   154.03    19.48   8.386 060
210225 110200.000,4604.9026,N,01312.9035,E,1.01,251.51#CT    0.00   5.262   0.226   0.172   154.03    19.48   8.387 059
210225 110201.000,4604.9024,N,01312.9031,E,0.32,251.51#CT    0.00   5.261   0.226   0.172   154.03    19.48   8.388 055
210225 110201.000,4604.9024,N,01312.9031,E,0.32,251.51#CT    0.00   5.242   0.226   0.172  -737.62   -93.47   8.389 062
210225 110202.000,4604.9022,N,01312.9032,E,0.43,251.51#CT    0.00   5.228   0.226   0.172  -737.62   -93.47   8.390 058
210225 110202.000,4604.9022,N,01312.9032,E,0.43,251.51#CT    0.00   5.221   0.226   0.172  -737.62   -93.47   8.390 051
210225 110203.000,4604.9020,N,01312.9033,E,0.51,251.51#CT    0.01   5.213   0.226   0.172  -737.62   -93.47   8.389 059
210225 110203.000,4604.9020,N,01312.9033,E,0.51,251.51#CT    0.01   5.192   0.226   0.172  -737.62   -93.47   8.390 057
210225 110204.000,4604.9017,N,01312.9033,E,0.68,166.28#CT    0.01   5.173   0.225   0.172  -470.01   -59.48   8.390 057
210225 110204.000,4604.9017,N,01312.9033,E,0.68,166.28#CT    0.02   5.167   0.226   0.172  -470.01   -59.48   8.391 061
210225 110205.000,4604.9016,N,01312.9033,E,0.87,123.46#CT    0.02   5.179   0.226   0.172  -470.01   -59.48   8.391 050
210225 110205.000,4604.9016,N,01312.9033,E,0.87,123.46#CT    0.02   5.187   0.226   0.172  -470.01   -59.48   8.392 048
210225 110206.000,4604.9012,N,01312.9036,E,1.10,130.49#CT    0.01   5.191   0.226   0.172  -470.01   -59.48   8.392 052
210225 110206.000,4604.9012,N,01312.9036,E,1.10,130.49#CT    0.01   5.192   0.226   0.172   124.13    15.73   8.391 051
210225 110207.000,4604.9008,N,01312.9038,E,1.13,135.10#CT    0.01   5.189   0.226   0.172   124.13    15.73   8.391 057
210225 110207.000,4604.9008,N,01312.9038,E,1.13,135.10#CT    0.01   5.174   0.226   0.172   124.13    15.73   8.391 059
210225 110208.000,4604.9005,N,01312.9038,E,0.93,144.09#CT    0.00   5.170   0.226   0.172   124.13    15.73   8.391 062
210225 110208.000,4604.9005,N,01312.9038,E,0.93,144.09#CT   -0.00   5.172   0.226   0.172   124.13    15.73   8.392 050
210225 110209.000,4604.9003,N,01312.9039,E,0.55,144.09#CT    0.00   5.176   0.226   0.172    98.84    12.53   8.393 039
210225 110209.000,4604.9003,N,01312.9039,E,0.55,144.09#CT    0.00   5.177   0.226   0.172    98.84    12.53   8.394 033
210225 110210.000,4604.9002,N,01312.9039,E,0.58,144.09#CT    0.00   5.178   0.226   0.172    98.84    12.53   8.394 046
210225 110210.000,4604.9002,N,01312.9039,E,0.58,144.09#CT    0.00   5.180   0.226   0.172    98.84    12.53   8.395 040
210225 110211.000,4604.9002,N,01312.9038,E,0.52,144.09#CT    0.00   5.183   0.226   0.172    98.84    12.53   8.395 043
210225 110212.000,4604.9003,N,01312.9036,E,0.40,144.09#CT    0.00   5.184   0.226   0.172   357.16    45.30   8.396 051
210225 110212.000,4604.9003,N,01312.9036,E,0.40,144.09#CT    0.00   5.185   0.226   0.172   357.16    45.30   8.397 051
210225 110212.000,4604.9003,N,01312.9036,E,0.40,144.09#CT    0.00   5.184   0.226   0.172   357.16    45.30   8.397 050
210225 110213.000,4604.9003,N,01312.9039,E,0.58,144.09#CT    0.00   5.183   0.226   0.172   357.16    45.30   8.398 058
