220125 160639.000,4604.9600,N,01312.9378,E,1.48,43.62#CT   -0.05  16.322   0.002   0.008    95.48     7.05   6.215 045
220125 160639.000,4604.9600,N,01312.9378,E,1.48,43.62#CT   -0.05  16.330   0.002   0.009    95.48     7.05   6.214 046
220125 160640.000,4604.9596,N,01312.9373,E,0.80,43.62#CT   -0.05  16.339   0.002   0.009    95.48     7.05   6.213 032
220125 160640.000,4604.9596,N,01312.9373,E,0.80,43.62#CT   -0.05  16.342   0.002   0.009    95.48     7.05   6.212 045
220125 160641.000,4604.9597,N,01312.9365,E,0.41,43.62#CT   -0.05  16.344   0.002   0.009    95.48     7.05   6.211 040
220125 160641.000,4604.9597,N,01312.9365,E,0.41,43.62#CT   -0.05  16.346   0.002   0.009    98.57     9.65   6.209 040
220125 160642.000,4604.9596,N,01312.9363,E,0.25,43.62#CT   -0.05  16.347   0.002   0.009    98.57     9.65   6.209 041
220125 160642.000,4604.9596,N,01312.9363,E,0.25,43.62#CT   -0.05  16.349   0.002   0.009    98.57     9.65   6.209 039
220125 160643.000,4604.9596,N,01312.9365,E,0.41,43.62#CT   -0.05  16.352   0.002   0.009    98.57     9.65   6.209 045
220125 160643.000,4604.9596,N,01312.9365,E,0.41,43.62#CT   -0.05  16.354   0.002   0.009    98.57     9.65   6.210 035
220125 160644.000,4604.9594,N,01312.9366,E,0.25,43.62#CT   -0.05  16.352   0.002   0.009    98.54     9.64   6.209 047
220125 160644.000,4604.9594,N,01312.9366,E,0.25,43.62#CT   -0.05  16.350   0.002   0.009    98.54     9.64   6.209 045
220125 160645.000,4604.9596,N,01312.9372,E,1.01,43.62#CT   -0.05  16.350   0.002   0.009    98.54     9.64   6.209 045
220125 160645.000,4604.9596,N,01312.9372,E,1.01,43.62#CT   -0.05  16.349   0.002   0.009    98.54     9.64   6.209 037
220125 160646.000,4604.9599,N,01312.9370,E,1.07,43.62#CT   -0.05  16.349   0.002   0.009    98.54     9.64   6.208 036
220125 160646.000,4604.9599,N,01312.9370,E,1.07,43.62#CT   -0.05  16.351   0.002   0.009    98.60     9.65   6.208 043
220125 160647.000,4604.9600,N,01312.9369,E,1.30,43.62#CT   -0.05  16.354   0.002   0.009    98.60     9.65   6.208 046
220125 160647.000,4604.9600,N,01312.9369,E,1.30,43.62#CT   -0.05  16.357   0.002   0.009    98.60     9.65   6.209 044
220125 160648.000,4604.9591,N,01312.9368,E,0.72,43.62#CT   -0.05  16.361   0.002   0.009    98.60     9.65   6.210 033
220125 160648.000,4604.9591,N,01312.9368,E,0.72,43.62#CT   -0.05  16.365   0.002   0.009    98.60     9.65   6.210 037
220125 160649.000,4604.9585,N,01312.9370,E,0.75,43.62#CT   -0.05  16.368   0.002   0.009    98.58     9.64   6.209 042
220125 160649.000,4604.9585,N,01312.9370,E,0.75,43.62#CT   -0.05  16.371   0.002   0.009    98.58     9.64   6.209 034
220125 160650.000,4604.9590,N,01312.9365,E,0.43,43.62#CT   -0.05  16.374   0.002   0.009    98.58     9.64   6.208 038
220125 160650.000,4604.9590,N,01312.9365,E,0.43,43.62#CT   -0.05  16.376   0.002   0.009    98.58     9.64   6.208 036
220125 160651.000,4604.9594,N,01312.9356,E,1.08,43.62#CT   -0.05  16.376   0.002   0.009    98.58     9.64   6.208 036
220125 160651.000,4604.9594,N,01312.9356,E,1.08,43.62#CT   -0.05  16.377   0.002   0.009    98.57     9.64   6.205 039
220125 160652.000,4604.9586,N,01312.9357,E,1.03,43.62#CT   -0.05  16.378   0.002   0.009    98.57     9.64   6.230 046
220125 160652.000,4604.9586,N,01312.9357,E,1.03,43.62#CT   -0.05  16.380   0.002   0.009    98.57     9.64   6.246 040
220125 160653.000,4604.9578,N,01312.9357,E,0.98,43.62#CT   -0.05  16.381   0.002   0.009    98.57     9.64   6.207 044
220125 160653.000,4604.9578,N,01312.9357,E,0.98,43.62#CT   -0.05  16.382   0.002   0.009    98.57     9.64   6.178 036
220125 160654.000,4604.9574,N,01312.9355,E,0.93,43.62#CT   -0.05  16.383   0.002   0.009    98.40     9.62   6.292 034
220125 160654.000,4604.9574,N,01312.9355,E,0.93,43.62#CT   -0.05  16.382   0.002   0.009    98.40     9.62   6.253 046
220125 160655.000,4604.9580,N,01312.9353,E,0.67,43.62#CT   -0.05  16.382   0.002   0.009    98.40     9.62   6.142 045
220125 160655.000,4604.9580,N,01312.9353,E,0.67,43.62#CT   -0.05  16.382   0.002   0.009    98.40     9.62   6.163 046
220125 160656.000,4604.9575,N,01312.9356,E,0.98,43.62#CT   -0.05  16.382   0.002   0.009    98.40     9.62   6.256 043
220125 160656.000,4604.9575,N,01312.9356,E,0.98,43.62#CT   -0.05  16.382   0.002   0.009    98.50     9.63   6.192 032
220125 160657.000,4604.9569,N,01312.9358,E,1.01,43.62#CT   -0.05  16.382   0.002   0.009    98.50     9.63   6.123 042
220125 160657.000,4604.9569,N,01312.9358,E,1.01,43.62#CT   -0.05  16.383   0.002   0.009    98.50     9.63   6.249 036
220125 160658.000,4604.9563,N,01312.9357,E,0.84,43.62#CT   -0.05  16.384   0.002   0.009    98.50     9.63   6.231 044
220125 160658.000,4604.9563,N,01312.9357,E,0.84,43.62#CT   -0.05  16.386   0.002   0.009    98.50     9.63   6.207 043
220125 160659.000,4604.9561,N,01312.9351,E,0.48,43.62#CT   -0.05  16.387   0.002   0.009    98.50     9.63   6.194 035
220125 160659.000,4604.9561,N,01312.9351,E,0.48,43.62#CT   -0.05  16.387   0.002   0.009    98.50     9.63   6.131 044
220125 160700.000,4604.9567,N,01312.9348,E,0.74,43.62#CT   -0.05  16.388   0.002   0.009    98.50     9.63   6.326 039
220125 160700.000,4604.9567,N,01312.9348,E,0.74,43.62#CT   -0.05  16.387   0.002   0.009    98.50     9.63   6.440 047
220125 160701.000,4604.9567,N,01312.9347,E,0.36,43.62#CT   -0.05  16.385   0.002   0.009    98.50     9.63   6.319 038
220125 160702.000,4604.9565,N,01312.9344,E,0.14,43.62#CT   -0.05  16.386   0.002   0.009    98.51     9.63   6.176 047
220125 160702.000,4604.9565,N,01312.9344,E,0.14,43.62#CT   -0.05  16.386   0.002   0.009    98.51     9.63   6.091 039
220125 160703.000,4604.9566,N,01312.9346,E,0.43,43.62#CT   -0.05  16.386   0.002   0.009    98.51     9.63   6.159 034
220125 160703.000,4604.9566,N,01312.9346,E,0.43,43.62#CT   -0.05  16.387   0.002   0.009    98.51     9.63   6.223 045
